MeshAnim
1
198
83
30
0.991293 -0.001801125 0.1316626 0
0.004495069 0.9997865 -0.02016651 0
-0.1315982 0.02058279 0.9910893 0
-0.04532182 0.8966475 0.05210949 1

0.9942307 0.1051071 0.01842361 0
0.1047983 -0.994343 0.01730334 0
0.02013921 -0.01527361 -0.9996751 0
0.03069166 0.8659155 0.06513821 1

0.9852855 -0.02008644 0.1699861 0
-0.00354566 -0.9952731 -0.09705509 0
0.1711254 0.09502051 -0.9806609 0
-0.1222101 0.8661935 0.04482996 1

0.9944407 -0.001827213 0.1052833 0
-0.001502666 0.9995013 0.03153991 0
-0.1052884 -0.03152274 0.9939418 0
-0.04709543 0.9591768 0.06631844 1

0.9871215 0.1549064 0.03843512 0
0.158197 -0.9816015 -0.1069207 0
0.02116477 0.1116312 -0.9935189 0
0.0676675 0.5150827 0.07124333 1

0.8907533 0.3535312 0.2854328 0
0.3838706 -0.9216504 -0.05652053 0
0.2430747 0.1599226 -0.9567249 0
0.1398574 0.8395386 0.07846342 1

0.974912 0.1958079 0.1053056 0
0.1934174 -0.9805759 0.03256144 0
0.1096323 -0.01137832 -0.9939012 0
0.01639619 0.8124997 0.1932037 1

0.9788066 0.1813693 0.09447691 0
0.1921499 -0.9738345 -0.1213418 0
0.06999382 0.136932 -0.9880989 0
0.04261636 0.8252706 -0.05563701 1

0.9777477 -0.0829076 0.1929296 0
-0.04260881 -0.9779705 -0.2043514 0
0.2056164 0.1915752 -0.9597027 0
-0.1234611 0.5150322 0.0105861 1

0.9602742 -0.2447494 -0.1343364 0
-0.2695697 -0.9380391 -0.2177669 0
-0.07273006 0.2453186 -0.9667171 0
-0.2286308 0.8295844 0.03365036 1

0.9921334 -0.1043784 0.06972249 0
-0.09717069 -0.9902468 -0.09985236 0
0.07945476 0.09228843 -0.9925619 0
-0.1272293 0.8001818 0.1674966 1

0.9924474 -0.0883669 0.08558501 0
-0.06471205 -0.9666583 -0.2477603 0
0.1046162 0.2403402 -0.9650392 0
-0.1068222 0.8384676 -0.0791671 1

0.9941701 -0.02265745 0.1054155 0
0.04406649 0.9776742 -0.2054534 0
-0.09840694 0.208901 0.972973 0
-0.04726803 1.073985 0.06994126 1

0.99111 0.04152665 0.1259345 0
-0.08802595 -0.5041432 0.8591167 0
0.09917177 -0.8626207 -0.4960326 0
0.1333688 0.107411 0.02683777 1

0.9787058 -0.04034391 0.201479 0
-0.1943952 -0.4994099 0.8442792 0
0.06655641 -0.8654265 -0.4965979 0
-0.1411571 0.1088688 -0.07428358 1

-0.1439904 0.1965678 0.9698598 0
0.9699771 -0.1660697 0.1776661 0
0.1959878 0.966324 -0.1667539 0
-0.01557878 1.284109 0.02860016 1

0.07083292 -0.1921642 -0.9788034 0
-0.9864861 -0.1588368 -0.04020516 0
-0.147744 0.9684234 -0.200818 0
-0.06008905 1.285122 0.02388057 1

0.9976656 0.03392418 0.05926581 0
-0.04276145 0.9870098 0.1548639 0
-0.0532423 -0.1570367 0.9861564 0
-0.03654628 1.311861 0.01995273 1

-0.590252 0.724095 0.3567752 0
0.3283969 -0.1883502 0.9255697 0
0.7373993 0.6634834 -0.1266164 0
0.00353352 1.170349 0.1194502 1

-0.5343689 -0.6984643 -0.4760225 0
-0.523247 -0.1689408 0.8352673 0
-0.6638242 0.6954182 -0.2751926 0
-0.1029242 1.172776 0.1081621 1

0.9154353 0.3874036 0.1085755 0
-0.1052954 -0.02974368 0.9939902 0
0.3882957 -0.9214299 0.01356368 0
0.1221479 0.04314656 0.1363515 1

0.9033626 -0.3862241 0.1866599 0
-0.2214538 -0.04721805 0.9740316 0
-0.3673943 -0.9211962 -0.128185 0
-0.1659369 0.04520816 0.03333802 1

-0.01319329 -0.2905188 0.9567783 0
0.3611396 -0.8936577 -0.2663727 0
0.9324185 0.342016 0.116708 0
0.06951778 1.26954 0.04418691 1

0.08113732 0.3329 -0.939465 0
-0.3069324 -0.8884214 -0.3413212 0
-0.9482667 0.316046 0.03009375 0
-0.146634 1.271188 0.02035334 1

0.9963787 0.08454859 0.009008292 0
-0.08498535 0.9936051 0.07433719 0
-0.002665564 -0.07483348 0.9971924 0
-0.03965957 1.383721 0.03122776 1

-0.5902518 0.7240953 0.3567752 0
0.3283967 -0.1883503 0.9255697 0
0.7373995 0.6634833 -0.1266164 0
0.03296587 1.153468 0.2024036 1

-0.5343689 -0.6984642 -0.4760227 0
-0.5232471 -0.168941 0.8352672 0
-0.6638241 0.6954184 -0.2751925 0
-0.1498198 1.157634 0.1830222 1

-0.07112667 0.1253233 0.9895632 0
0.4109175 -0.9002996 0.1435539 0
0.9088938 0.4168392 0.01253765 0
0.1486985 1.073603 -0.014216 1

-0.03118502 -0.09134301 -0.9953313 0
-0.3506752 -0.9315149 0.0964735 0
-0.935978 0.3520463 -0.002982382 0
-0.2139296 1.0764 -0.05448185 1

0.9911078 0.1210025 0.05522332 0
0.1277998 -0.9813976 -0.1432687 0
0.03685975 0.1490505 -0.9881238 0
-0.04474837 1.533105 0.1569764 1

0.9916214 0.1170263 0.05468586 0
0.1270132 -0.9604486 -0.2478016 0
0.02352352 0.2526697 -0.9672595 0
0.0100793 1.528885 0.1359649 1

0.9951827 0.09532313 0.02290205 0
0.09781846 -0.9810467 -0.1672676 0
0.006523401 0.1686995 -0.9856304 0
-0.008176811 1.532125 0.1474662 1

0.9921842 0.1142157 0.05025465 0
0.1229733 -0.9633306 -0.2384769 0
0.02117411 0.2427939 -0.9698507 0
-0.1206637 1.514446 0.1332426 1

0.9941846 0.1028213 0.03195319 0
0.1062528 -0.9849107 -0.1366067 0
0.01742468 0.1392055 -0.9900948 0
-0.08123107 1.528209 0.1537265 1

0.1959201 -0.3445023 -0.9181142 0
-0.8488327 -0.5283843 0.01712873 0
-0.4910181 0.7759693 -0.395946 0
0.07047342 1.401926 0.06539696 1

-0.2035619 -0.5338828 -0.8206897 0
-0.746217 -0.4580488 0.4830641 0
-0.6338158 0.7107462 -0.3051511 0
0.06110353 1.400965 -0.02714898 1

0.9580496 -0.271171 -0.09277388 0
-0.0440926 -0.4593053 0.8871834 0
-0.2831901 -0.845875 -0.4519939 0
-0.03082173 1.396163 -0.08032047 1

-0.1282851 0.5030631 0.8546755 0
0.8479094 -0.3913536 0.3576205 0
0.5143859 0.7705644 -0.3763471 0
-0.1572391 1.391648 -0.01591323 1

0.1316913 0.2470743 0.9600062 0
0.9642521 -0.2565744 -0.06623986 0
0.2299468 0.9344106 -0.2720305 0
-0.1532888 1.376603 0.04968768 1

0.966584 -0.1071626 -0.2328986 0
-0.1432747 -0.9791369 -0.1440976 0
-0.2125967 0.1726499 -0.961767 0
0.08283076 1.459588 0.07076482 1

0.9724905 -0.1139572 -0.2031637 0
-0.1132098 -0.9934527 0.01533558 0
-0.2035812 0.008086369 -0.9790248 0
0.04714002 1.473479 0.1076715 1

0.2211279 -0.8370456 0.5004564 0
0.511551 0.5364513 0.6712194 0
-0.830312 0.1075836 0.5468158 0
-0.05811382 1.604964 0.1048554 1

0.9548396 0.2363035 0.1801157 0
0.242391 -0.9701014 -0.01224831 0
0.1718362 0.05535357 -0.983569 0
-0.1752701 1.438502 0.06973933 1

0.9517966 0.2132354 0.2205181 0
0.2548016 -0.9498471 -0.1812922 0
0.1707995 0.2287401 -0.9583879 0
-0.1427916 1.451477 0.1062441 1

0.9272325 0.1172545 -0.355656 0
-0.3671494 0.09756628 -0.9250307 0
-0.07376394 0.9882975 0.1335165 0
-0.024255 1.445114 0.0643158 1

0.9271962 0.040104 0.3724227 0
0.3620084 0.1594429 -0.9184376 0
-0.09621327 0.9863921 0.133317 0
-0.06577918 1.44159 0.06394034 1

-0.08509649 -0.02682221 0.9960115 0
0.5128693 -0.858217 0.02070666 0
0.8542384 0.5125857 0.08678747 0
0.2367584 0.8806682 0.01654773 1

-0.05972672 -0.1081796 -0.9923358 0
-0.6321621 -0.7652552 0.121473 0
-0.7725307 0.634572 -0.02268079 0
-0.2890797 0.8767755 -0.03380751 1

0.2747058 -0.4267242 -0.8616535 0
-0.7786278 -0.6245134 0.06105085 0
-0.5641678 0.6541333 -0.5038131 0
0.07254158 1.389272 0.06041649 1

0.4792912 -0.5005727 -0.7209067 0
-0.6206226 -0.7740993 0.1248899 0
-0.6205701 0.3875524 -0.681686 0
0.0387217 1.399606 0.1088119 1

-0.01006645 0.7383913 0.674297 0
0.6570635 -0.5034305 0.5610924 0
0.7537679 0.4487044 -0.4801022 0
-0.04439486 1.619351 0.1228565 1

0.3467893 0.503751 0.7911837 0
0.8033125 -0.5949585 0.02670767 0
0.4841754 0.6263059 -0.6109948 0
-0.1597049 1.376207 0.06895281 1

0.456405 0.442851 0.7717414 0
0.7042469 -0.7098993 -0.009118419 0
0.5438231 0.5476556 -0.6358729 0
-0.1253707 1.386536 0.09384911 1

-0.00340908 0.5406448 0.841244 0
0.2738854 -0.8085763 0.5207599 0
0.9617561 0.2321795 -0.1453183 0
0.2312844 0.8755388 0.03415792 1

0.02028571 0.07724883 0.9968054 0
0.08807319 -0.9932728 0.07518277 0
0.9959072 0.0862664 -0.02695286 0
0.2744305 0.8250517 0.005453473 1

0.02610137 0.03042499 0.9991961 0
0.2812081 -0.9593977 0.02186733 0
0.9592916 0.2804111 -0.03359739 0
0.2740323 0.8254162 0.02119571 1

0.02669804 0.107512 0.993845 0
0.09540222 -0.9899358 0.1045263 0
0.9950806 0.09202413 -0.03668628 0
0.2684661 0.8259366 -0.01044745 1

0.006434217 -0.03163536 0.9994786 0
0.2606507 -0.9648954 -0.03221865 0
0.9654116 0.2607219 0.002037367 0
0.2703162 0.8259318 0.03781886 1

-0.09870724 -0.6566216 -0.7477332 0
-0.2659853 -0.7066545 0.6556607 0
-0.9589102 0.2636044 -0.1048997 0
-0.2847719 0.8735731 -0.0154342 1

0.0377981 -0.1339426 -0.9902681 0
-0.3239615 -0.9390967 0.1146557 0
-0.9453148 0.3164748 -0.07888825 0
-0.334178 0.8259785 -0.03841804 1

0.04746876 -0.1513279 -0.987343 0
-0.4043324 -0.9067666 0.1195388 0
-0.9133794 0.3935402 -0.1042298 0
-0.3340562 0.8285933 -0.02288563 1

0.02014302 -0.2271342 -0.9736554 0
-0.3566545 -0.9114139 0.2052361 0
-0.934019 0.3431244 -0.09936698 0
-0.3278213 0.8236704 -0.05402127 1

0.08510536 -0.07628703 -0.9934474 0
-0.591912 -0.8059248 0.01117997 0
-0.8014968 0.5870817 -0.1137436 0
-0.3306486 0.8310193 -0.00636567 1

0.1245909 0.1563974 0.9798044 0
0.3071284 -0.9450781 0.1118001 0
0.9434769 0.2869963 -0.1657823 0
0.2440293 0.8379127 0.05839082 1

-0.02255879 0.0926167 0.9954461 0
-0.3050595 -0.9488505 0.08136822 0
0.9520659 -0.3018351 0.0496585 0
0.2774538 0.7909549 0.008034298 1

0.1217751 -0.05010732 0.9912921 0
-0.4222502 -0.9064587 0.006052181 0
0.8982622 -0.4193107 -0.1315421 0
0.2844386 0.7899131 0.02200488 1

-0.04396246 0.06494671 0.9969199 0
-0.1251131 -0.9903864 0.05900385 0
0.9911678 -0.1221341 0.0516654 0
0.2714617 0.7948532 -0.007165351 1

0.1189102 -0.0867808 0.9891053 0
-0.2509014 -0.9664696 -0.05463143 0
0.9606811 -0.2416717 -0.1366967 0
0.2789757 0.7938755 0.03674849 1

0.006335452 -0.3800222 -0.9249558 0
-0.3323418 -0.8731957 0.35648 0
-0.9431376 0.3051428 -0.1318293 0
-0.2971493 0.8406898 0.0150761 1

-0.007329047 -0.1403866 -0.9900699 0
0.1159395 -0.9835383 0.1386022 0
-0.993229 -0.1137724 0.02348476 0
-0.3452987 0.7937415 -0.0344822 1

0.1572744 -0.1082968 -0.9815989 0
0.06037345 -0.9910555 0.1190133 0
-0.9857079 -0.07798062 -0.1493293 0
-0.3490188 0.7950375 -0.01846199 1

-0.03627124 -0.1662213 -0.9854212 0
-0.1991747 -0.9650843 0.1701219 0
-0.9792926 0.2024414 0.001897817 0
-0.3390199 0.7950526 -0.04757698 1

0.2078308 -0.06973549 -0.9756759 0
-0.280448 -0.9598281 0.008863876 0
-0.9370993 0.2717841 -0.2190391 0
-0.3503133 0.8042448 -0.005994263 1

0.2537327 -0.2890781 0.9230673 0
0.2759494 -0.893006 -0.3555167 0
0.9270766 0.3449259 -0.1468139 0
0.2528204 0.8108613 0.06159092 1

-0.006408177 0.08198951 0.9966125 0
-0.883821 -0.4666799 0.0327101 0
0.467781 -0.8806177 0.07545462 0
0.2714104 0.7721577 0.009646285 1

0.06186964 -0.0840487 0.994539 0
-0.9301613 -0.3661623 0.02692032 0
0.3619005 -0.9267473 -0.1008332 0
0.2747988 0.7692192 0.02214301 1

-0.05383935 0.132894 0.9896668 0
-0.7629918 -0.6448337 0.04508147 0
0.6441619 -0.7526808 0.1361145 0
0.2691974 0.7769305 -0.006097636 1

0.1742339 -0.1475639 0.9735846 0
-0.3444653 -0.9353731 -0.08012626 0
0.922489 -0.3214056 -0.2138045 0
0.2738437 0.7741069 0.03563102 1

0.1152033 -0.06619977 -0.9911337 0
-0.3596587 -0.9328587 0.02050288 0
-0.9259449 0.3541077 -0.1312777 0
-0.306662 0.8156958 0.0252799 1

0.01176378 -0.1255504 -0.9920177 0
0.5427406 -0.8324278 0.1117886 0
-0.8398179 -0.5397232 0.05834883 0
-0.3430018 0.7742572 -0.03173642 1

0.125334 -0.06638925 -0.9898908 0
0.5396456 -0.8326847 0.1241725 0
-0.8325108 -0.5497532 -0.06853712 0
-0.3476406 0.7724124 -0.01574499 1

-0.07125174 -0.223384 -0.9721231 0
0.4486005 -0.8776478 0.1687943 0
-0.8908876 -0.4240679 0.1627441 0
-0.3426242 0.777588 -0.04449841 1

0.2792855 -0.03186095 -0.9596794 0
0.1392496 -0.9875396 0.07331018 0
-0.9500571 -0.1541094 -0.2713689 0
-0.3560497 0.7846116 -0.005812977 1

0.9918133 -0.003742914 0.1276415 0
0.00639487 0.999772 -0.02037304 0
-0.1275362 0.02102249 0.991611 0
-0.04575716 0.8965142 0.05045844 1

0.9940498 0.09512372 0.05194502 0
0.09276623 -0.9946176 0.04615353 0
0.05605874 -0.04106235 -0.9975772 0
0.03024748 0.865634 0.06318457 1

0.9864551 -0.01843022 0.1632571 0
-0.003341075 -0.9957333 -0.0922212 0
0.1642538 0.09042308 -0.9822695 0
-0.1227345 0.8662115 0.04349655 1

0.9949777 -0.004336572 0.1000028 0
0.001600441 0.9996225 0.02742466 0
-0.100084 -0.02712689 0.9946091 0
-0.04734917 0.9590495 0.06466268 1

0.985823 0.1500028 0.07439371 0
0.158837 -0.9784329 -0.1320578 0
0.05298129 0.1420115 -0.9884406 0
0.06297807 0.5147042 0.07946887 1

0.8838333 0.35137 0.308667 0
0.3751333 -0.9267654 -0.01927188 0
0.2792795 0.1328307 -0.950969 0
0.1385529 0.8384646 0.08113466 1

0.9726404 0.1882157 0.1357535 0
0.1809276 -0.9813935 0.06427534 0
0.1453235 -0.03795823 -0.9886498 0
0.01072782 0.8156657 0.19195 1

0.9767588 0.1734647 0.1254409 0
0.1852967 -0.9785802 -0.08969297 0
0.107194 0.1108591 -0.9880326 0
0.0460628 0.8217888 -0.05601416 1

0.9786988 -0.08195049 0.1884647 0
-0.04300602 -0.9784123 -0.2021405 0
0.2009567 0.1897212 -0.9610573 0
-0.1239134 0.5148878 0.01095822 1

0.9595369 -0.2445829 -0.1397966 0
-0.270244 -0.9393088 -0.2113637 0
-0.07963153 0.2405803 -0.9673641 0
-0.2291978 0.8294587 0.03323074 1

0.9926835 -0.1032001 0.06335668 0
-0.09698759 -0.9907999 -0.09439459 0
0.07250546 0.0875559 -0.9935223 0
-0.126847 0.8007894 0.1665123 1

0.993093 -0.08711185 0.07913914 0
-0.06557367 -0.9678993 -0.2426358 0
0.09772636 0.2357603 -0.9668896 0
-0.1081804 0.8378994 -0.08046874 1

0.9947031 -0.02387075 0.09997953 0
0.04308882 0.9799091 -0.194734 0
-0.09332238 0.1980105 0.9757472 0
-0.04716534 1.073871 0.0678128 1

0.9910116 0.04351063 0.1260365 0
-0.08591866 -0.5144002 0.8532303 0
0.1019649 -0.8564453 -0.5060649 0
0.1289451 0.1083484 0.02462357 1

0.9787829 -0.0407213 0.2010279 0
-0.1943252 -0.4976748 0.8453194 0
0.06562142 -0.8664077 -0.4950087 0
-0.1417743 0.1085407 -0.07299327 1

-0.15155 0.1876893 0.9704666 0
0.9734831 -0.1418652 0.1794577 0
0.1713577 0.9719295 -0.1612129 0
-0.01567186 1.284444 0.02865968 1

0.06058176 -0.1819525 -0.9814395 0
-0.9910597 -0.1280632 -0.03743358 0
-0.1188751 0.9749324 -0.1880841 0
-0.060206 1.285511 0.02418346 1

0.9980275 0.03181309 0.05411983 0
-0.04051844 0.9849119 0.1682457 0
-0.04795084 -0.1701068 0.9842582 0
-0.03668147 1.312291 0.02043239 1

-0.5883191 0.720081 0.3679177 0
0.3331915 -0.1987011 0.9216836 0
0.7367929 0.6648314 -0.1230253 0
0.003902249 1.169674 0.1181312 1

-0.5369047 -0.6930779 -0.4810157 0
-0.5189089 -0.1782523 0.8360379 0
-0.6651818 0.6984761 -0.2639398 0
-0.1026125 1.17223 0.1074252 1

0.9152298 0.3893771 0.1031133 0
-0.1048786 -0.01678617 0.9943377 0
0.3888929 -0.9209252 0.0254742 0
0.1179929 0.04277648 0.133387 1

0.903165 -0.3865704 0.1868983 0
-0.2209652 -0.04521954 0.9742377 0
-0.3681735 -0.9211512 -0.1262584 0
-0.1665452 0.0451014 0.03476091 1

-0.01363444 -0.2788701 0.9602323 0
0.3911437 -0.885285 -0.25155 0
0.9202288 0.3721588 0.1211485 0
0.06973229 1.271998 0.0444036 1

0.07782313 0.3245088 -0.9426761 0
-0.3412574 -0.8797549 -0.3310214 0
-0.936743 0.347456 0.04227564 0
-0.1471522 1.274276 0.02089937 1

0.9967468 0.08046344 0.004637455 0
-0.08054889 0.9925147 0.0917941 0
0.002783358 -0.09186905 0.9957671 0
-0.03963145 1.383999 0.03268168 1

-0.5883188 0.7200813 0.3679176 0
0.3331914 -0.1987012 0.9216836 0
0.7367932 0.6648312 -0.1230253 0
0.0337643 1.151866 0.2007363 1

-0.5369048 -0.6930778 -0.4810159 0
-0.518909 -0.1782525 0.8360379 0
-0.6651817 0.6984763 -0.2639397 0
-0.1491193 1.156255 0.1823543 1

-0.1086426 0.1996904 0.9738178 0
0.4316261 -0.8729804 0.2271666 0
0.8954864 0.4450047 0.008651039 0
0.1554915 1.077897 -0.01074936 1

-0.09408457 -0.1203577 -0.9882625 0
-0.3763832 -0.9146907 0.1472301 0
-0.9216747 0.3858172 0.04075758 0
-0.2219736 1.081389 -0.05167758 1

0.9918895 0.1161419 0.05149844 0
0.123014 -0.9792982 -0.1607557 0
0.03176147 0.1657851 -0.9856318 0
-0.04339273 1.531228 0.1609914 1

0.992384 0.1121735 0.05089015 0
0.1217091 -0.9565614 -0.2649091 0
0.01896363 0.2690838 -0.9629229 0
0.01129541 1.527153 0.1395913 1

0.9956744 0.09100332 0.01872 0
0.0928964 -0.978419 -0.1845698 0
0.001519479 0.1855077 -0.9826261 0
-0.006880865 1.530267 0.1512526 1

0.99291 0.109437 0.04640837 0
0.1177114 -0.9595866 -0.2556116 0
0.01655953 0.2592631 -0.9656689 0
-0.1195183 1.513277 0.1373857 1

0.9947588 0.09834949 0.02790355 0
0.1014917 -0.9828399 -0.1540291 0
0.01227585 0.1560517 -0.9876571 0
-0.07991301 1.526533 0.1578712 1

0.1892319 -0.3295147 -0.9249928 0
-0.850843 -0.5252582 0.01305261 0
-0.4901609 0.7845535 -0.3797611 0
0.07076924 1.401183 0.06651369 1

-0.2104418 -0.5189617 -0.8284882 0
-0.7452594 -0.463307 0.4795147 0
-0.6326945 0.7183488 -0.2892619 0
0.06086203 1.401842 -0.02597891 1

0.9563978 -0.2733096 -0.1029811 0
-0.04082701 -0.474237 0.8794499 0
-0.2891997 -0.8368995 -0.4647176 0
-0.03138695 1.398312 -0.07868738 1

-0.1213252 0.4888704 0.8638784 0
0.8483731 -0.4007448 0.3459296 0
0.5153094 0.7748606 -0.366124 0
-0.157448 1.393193 -0.01363015 1

0.1382203 0.2300969 0.963302 0
0.9628118 -0.2591935 -0.07623821 0
0.2321394 0.9380159 -0.2573658 0
-0.1531801 1.377013 0.05168002 1

0.9647849 -0.1069631 -0.2403311 0
-0.1480495 -0.9759576 -0.1599641 0
-0.2174417 0.189911 -0.9574203 0
0.08338968 1.458696 0.0727936 1

0.9708356 -0.1142886 -0.2107516 0
-0.1171237 -0.9931168 -0.0009769609 0
-0.2091894 0.02563249 -0.9775392 0
0.04796867 1.472094 0.1101398 1

0.2206339 -0.8463469 0.4847858 0
0.5175719 0.5228755 0.6772889 0
-0.8267043 0.1014784 0.5534093 0
-0.05676872 1.604021 0.1101844 1

0.9568074 0.2294314 0.1785517 0
0.2384034 -0.9706955 -0.03023232 0
0.1663831 0.07149383 -0.9834659 0
-0.1747957 1.438646 0.07291404 1

0.9539043 0.2056877 0.2185712 0
0.2499205 -0.9476016 -0.198975 0
0.1661907 0.2444271 -0.9553208 0
-0.1420551 1.450867 0.109445 1

0.9256313 0.119674 -0.3590052 0
-0.3720813 0.1148182 -0.9210712 0
-0.06900789 0.9861513 0.1508078 0
-0.02378895 1.444755 0.06672319 1

0.9294826 0.03008131 0.3676372 0
0.3573458 0.1737053 -0.9176766 0
-0.09146548 0.984338 0.1507066 0
-0.06532847 1.441402 0.06652991 1

-0.1136166 0.05022597 0.9922544 0
0.5451075 -0.8318251 0.1045222 0
0.8306316 0.5527605 0.06713038 0
0.2479893 0.8908166 0.03793258 1

-0.1599526 -0.1332178 -0.9780945 0
-0.6418863 -0.7387263 0.2055865 0
-0.7499315 0.6607091 0.03265034 0
-0.3026329 0.8853698 -0.020126 1

0.2680098 -0.4129995 -0.8704054 0
-0.7807741 -0.6223996 0.05491583 0
-0.5644219 0.664869 -0.4892652 0
0.07275761 1.388608 0.06130581 1

0.4731039 -0.4900488 -0.7321367 0
-0.6230077 -0.7736757 0.1152672 0
-0.6229233 0.4015936 -0.6713336 0
0.03925932 1.398246 0.1100672 1

-0.003200918 0.726783 0.6868595 0
0.6582533 -0.5155345 0.5485672 0
0.7527896 0.4538837 -0.476757 0
-0.04288828 1.618044 0.1283482 1

0.3533741 0.4887761 0.7976368 0
0.801048 -0.5984826 0.01185283 0
0.483165 0.634757 -0.6030214 0
-0.1594865 1.376312 0.07097267 1

0.4626295 0.427787 0.7765175 0
0.7013149 -0.7124034 -0.02535289 0
0.5423505 0.5563097 -0.6295871 0
-0.124968 1.386079 0.09584104 1

-0.04954973 0.6062241 0.7937488 0
0.2895815 -0.751868 0.5923149 0
0.9558698 0.2592038 -0.1382967 0
0.2421974 0.8869047 0.05575239 1

-0.01244421 0.1582822 0.9873155 0
0.1244692 -0.9794672 0.158593 0
0.9921454 0.1248637 -0.007512718 0
0.2881157 0.8360891 0.03243375 1

-0.00488025 0.1120852 0.9936867 0
0.3176382 -0.9420619 0.1078222 0
0.9481992 0.3161588 -0.03100523 0
0.2872347 0.8377072 0.04807707 1

-0.007132001 0.1884456 0.9820577 0
0.1307872 -0.9734707 0.1877479 0
0.9913847 0.1297793 -0.01770364 0
0.2825975 0.8354396 0.01636124 1

-0.02211216 0.04949691 0.9985296 0
0.2989304 -0.9527544 0.05384761 0
0.9540185 0.2996812 0.006271155 0
0.2830079 0.8394099 0.06449782 1

-0.1927048 -0.6730046 -0.7140936 0
-0.223524 -0.6784939 0.6997736 0
-0.955459 0.2944665 -0.0196838 0
-0.2966564 0.8825226 -0.002165922 1

-0.06358543 -0.1623569 -0.9846814 0
-0.3416647 -0.9235111 0.174334 0
-0.9376682 0.3475157 0.003250058 0
-0.3495991 0.8360968 -0.0187842 1

-0.05424757 -0.1799877 -0.9821721 0
-0.4200749 -0.8882292 0.1859741 0
-0.9058666 0.422674 -0.02742421 0
-0.3478741 0.8391314 -0.003424394 1

-0.08256283 -0.2543727 -0.9635758 0
-0.3644256 -0.8922074 0.266758 0
-0.9275653 0.3731755 -0.01903683 0
-0.3448769 0.8331369 -0.03485084 1

-0.01495983 -0.1065252 -0.9941977 0
-0.6139609 -0.7838123 0.09322155 0
-0.7891946 0.6117928 -0.0536768 0
-0.3427904 0.8418881 0.01260568 1

0.08915605 0.240039 0.9666604 0
0.34029 -0.9194669 0.1969348 0
0.9360842 0.3113868 -0.1636591 0
0.2556726 0.8519174 0.08331499 1

-0.05579601 0.1717075 0.9835666 0
-0.2701058 -0.9509649 0.1506936 0
0.9612124 -0.2572595 0.09943915 0
0.2923883 0.8024662 0.03787787 1

0.09405494 0.03519811 0.9949446 0
-0.3865646 -0.9196715 0.06907846 0
0.9174538 -0.3911078 -0.07289345 0
0.2989892 0.8028457 0.05206708 1

-0.07613857 0.1433858 0.9867337 0
-0.08808793 -0.9867042 0.1365846 0
0.9931986 -0.07652033 0.08775666 0
0.2867042 0.8048732 0.02225642 1

0.09268826 -0.001613895 0.9956939 0
-0.2112728 -0.9772596 0.01808337 0
0.9730222 -0.2120394 -0.09092156 0
0.2929391 0.807757 0.06628674 1

-0.0965229 -0.4052781 -0.9090836 0
-0.3242096 -0.8507346 0.4136892 0
-0.941048 0.3346639 -0.04927978 0
-0.3070578 0.8509498 0.03039709 1

-0.1086631 -0.1671884 -0.9799188 0
0.09678417 -0.9828517 0.1569566 0
-0.9893558 -0.07778541 0.1229808 0
-0.3613275 0.8043947 -0.01279972 1

0.05693884 -0.1407365 -0.9884084 0
0.03935602 -0.9889286 0.143078 0
-0.9976019 -0.04704684 -0.05076966 0
-0.3634192 0.8062616 0.00345774 1

-0.1378397 -0.1918437 -0.9716979 0
-0.2129665 -0.9523743 0.218239 0
-0.9672877 0.2370208 0.09041862 0
-0.3563195 0.8051221 -0.02647482 1

0.1090633 -0.1038447 -0.9885958 0
-0.309402 -0.9486715 0.06551742 0
-0.9446563 0.2987278 -0.1355952 0
-0.3631876 0.8158481 0.01570273 1

0.2372077 -0.2028495 0.9500445 0
0.3210371 -0.9066433 -0.2737394 0
0.9168792 0.3699323 -0.1499406 0
0.265413 0.8255992 0.08895198 1

-0.03928514 0.1618853 0.9860272 0
-0.8655273 -0.4986157 0.04737845 0
0.4993186 -0.8515725 0.1597044 0
0.2870374 0.7836271 0.04086316 1

0.03544882 -0.0008152107 0.9993713 0
-0.9155596 -0.4008952 0.03214911 0
0.4006173 -0.9161234 -0.01495757 0
0.2901641 0.78185 0.05364409 1

-0.08843791 0.2100591 0.9736807 0
-0.7382631 -0.6700459 0.07749877 0
0.6686902 -0.7119787 0.2143364 0
0.28511 0.7870172 0.02472815 1

0.1507784 -0.06111512 0.9866767 0
-0.3051776 -0.952215 -0.01234483 0
0.9402831 -0.2992504 -0.1622246 0
0.2886177 0.7877677 0.06665663 1

0.01553369 -0.09745172 -0.995119 0
-0.3861736 -0.9185999 0.08393048 0
-0.9222952 0.3829847 -0.05190263 0
-0.3163379 0.8265987 0.04223844 1

-0.08937816 -0.1530979 -0.9841613 0
0.5236215 -0.8477672 0.08432696 0
-0.8472497 -0.5077909 0.1559373 0
-0.3594101 0.7849242 -0.009690362 1

0.025725 -0.09796613 -0.9948573 0
0.5217479 -0.8475726 0.0969542 0
-0.8527117 -0.5215589 0.02930988 0
-0.3625209 0.7836851 0.006724122 1

-0.1731988 -0.2473429 -0.9533226 0
0.4340799 -0.8880367 0.1515412 0
-0.8840681 -0.3875714 0.2611736 0
-0.3601734 0.7878874 -0.02252548 1

0.182937 -0.0681031 -0.9807631 0
0.1134549 -0.9894701 0.08987013 0
-0.9765561 -0.127713 -0.1732842 0
-0.3695164 0.7964432 0.01704289 1

0.9924092 -0.006254513 0.1228207 0
0.008798032 0.9997576 -0.02017784 0
-0.1226648 0.02110523 0.9922236 0
-0.04637746 0.8963729 0.04792852 1

0.9943711 0.08241191 0.06569722 0
0.07731415 -0.9940477 0.07675264 0
0.07163534 -0.07124508 -0.9948773 0
0.02961058 0.8652995 0.06027827 1

0.9878546 -0.01603308 0.1548311 0
-0.002883939 -0.9963957 -0.0847787 0
0.1556262 0.08329927 -0.9843017 0
-0.1234633 0.8662644 0.04133383 1

0.9955075 -0.007284913 0.09440183 0
0.004706225 0.9996104 0.02750991 0
-0.09456546 -0.02694207 0.9951538 0
-0.04774394 0.9589085 0.06215446 1

0.985664 0.1418149 0.09075996 0
0.1549988 -0.9748439 -0.1601655 0
0.06576465 0.1719488 -0.9829026 0
0.05688923 0.5145709 0.08735881 1

0.8837953 0.3476613 0.3129455 0
0.3616769 -0.9321917 0.01408529 0
0.2966123 0.1007416 -0.9496603 0
0.1371975 0.8371276 0.08081711 1

0.9729803 0.1782299 0.1463797 0
0.1653553 -0.9815552 0.09594648 0
0.1607794 -0.0691539 -0.9845583 0
0.00726752 0.8194323 0.1901065 1

0.9770473 0.163124 0.1365729 0
0.1722646 -0.9833441 -0.05794402 0
0.1248457 0.08014607 -0.9889278 0
0.04671018 0.8177385 -0.05730749 1

0.9798537 -0.08058374 0.1829734 0
-0.04311927 -0.9788071 -0.2001949 0
0.1952236 0.1882637 -0.9625242 0
-0.1244809 0.5147069 0.01142144 1

0.958598 -0.2444692 -0.1462871 0
-0.2708797 -0.9411798 -0.2020191 0
-0.08831007 0.2332714 -0.9683999 0
-0.2299651 0.8293088 0.03226513 1

0.9933244 -0.1015373 0.05551378 0
-0.09655192 -0.9915907 -0.08617675 0
0.06378753 0.08023854 -0.9947371 0
-0.1264277 0.8017557 0.1648639 1

0.9938504 -0.08533145 0.07117198 0
-0.06645197 -0.9697576 -0.234851 0
0.08905125 0.2286673 -0.9694275 0
-0.1099477 0.837047 -0.08253889 1

0.9952334 -0.02482785 0.09430914 0
0.04189895 0.9821066 -0.1836051 0
-0.08806312 0.1866814 0.9784655 0
-0.04720336 1.073729 0.06531438 1

0.9909134 0.04402648 0.1266271 0
-0.08413984 -0.5310646 0.8431383 0
0.104374 -0.8461859 -0.5225621 0
0.1212622 0.1097057 0.02084001 1

0.9788129 -0.04119208 0.2007858 0
-0.1944866 -0.4958384 0.8463606 0
0.0646916 -0.8674375 -0.4933244 0
-0.1423889 0.108196 -0.07172205 1

-0.1553332 0.1775149 0.9717818 0
0.9767915 -0.1192615 0.1779192 0
0.1474795 0.9768649 -0.1548699 0
-0.01595131 1.284747 0.02843213 1

0.05070308 -0.1710932 -0.9839496 0
-0.9943361 -0.1007975 -0.03371131 0
-0.09341168 0.9800853 -0.1752349 0
-0.06050918 1.285857 0.02420976 1

0.9983931 0.02922595 0.04855103 0
-0.03766107 0.9823722 0.1831013 0
-0.04234387 -0.1846355 0.9818943 0
-0.03700899 1.312683 0.02064172 1

-0.5864165 0.7156553 0.3794108 0
0.3382061 -0.2092924 0.9175035 0
0.7360246 0.6663585 -0.1193066 0
0.004122883 1.168953 0.1164615 1

-0.5394073 -0.6875696 -0.4860944 0
-0.5143485 -0.1880237 0.8367153 0
-0.6666976 0.7013521 -0.252229 0
-0.1024487 1.171612 0.1063627 1

0.915151 0.390072 0.101171 0
-0.1046418 -0.01240887 0.9944267 0
0.3891419 -0.9207001 0.02946195 0
0.1105367 0.04200942 0.128317 1

0.9028844 -0.3870012 0.1873615 0
-0.2206838 -0.04310755 0.974397 0
-0.3690301 -0.9210714 -0.124325 0
-0.1671804 0.04499072 0.03616488 1

-0.02612831 -0.2472161 0.9686079 0
0.4390423 -0.873326 -0.2110541 0
0.8980867 0.4197453 0.1313567 0
0.06974307 1.274284 0.04404108 1

0.06434629 0.3077001 -0.9493054 0
-0.384202 -0.8703105 -0.3081376 0
-0.9210045 0.384552 0.06221759 0
-0.1477428 1.277014 0.02125224 1

0.9971027 0.07606731 -0.0001581476 0
-0.0755832 0.9909866 0.1106006 0
0.008569814 -0.1102682 0.9938648 0
-0.03975094 1.384206 0.03397257 1

-0.5864162 0.7156555 0.3794107 0
0.338206 -0.2092925 0.9175035 0
0.7360247 0.6663582 -0.1193066 0
0.03443438 1.150195 0.1986919 1

-0.5394073 -0.6875695 -0.4860947 0
-0.5143486 -0.1880239 0.8367152 0
-0.6666975 0.7013523 -0.252229 0
-0.1485468 1.15476 0.1813525 1

-0.1787043 0.286753 0.9411893 0
0.452716 -0.8253477 0.3374168 0
0.8735637 0.486389 0.01767535 0
0.1660041 1.082805 -0.002233053 1

-0.1811123 -0.1717382 -0.9683517 0
-0.3967547 -0.8881938 0.2317278 0
-0.8998803 0.4261664 0.0927248 0
-0.2319799 1.086197 -0.04630738 1

0.992695 0.1108942 0.04738296 0
0.1176766 -0.9766809 -0.1795727 0
0.02636415 0.1838347 -0.9825849 0
-0.04206252 1.529054 0.1649987 1

0.9931682 0.1069357 0.04669846 0
0.1158246 -0.9520176 -0.2832785 0
0.01416508 0.2867503 -0.9578934 0
0.01247289 1.525139 0.1431829 1

0.9961646 0.08634967 0.01412297 0
0.08741573 -0.9752319 -0.2031763 0
-0.003770992 0.2036286 -0.9790254 0
-0.005616549 1.528116 0.1550139 1

0.993654 0.1042802 0.04216368 0
0.1118715 -0.9551969 -0.2740134 0
0.0117005 0.2769925 -0.960805 0
-0.1184121 1.51187 0.1415457 1

0.9953387 0.0935287 0.02344614 0
0.09618118 -0.9802538 -0.1727772 0
0.006823428 0.1742245 -0.9846669 0
-0.07862192 1.524574 0.1620225 1

0.1820152 -0.3131754 -0.93209 0
-0.8530617 -0.5217377 0.008717114 0
-0.4890365 0.7935435 -0.3621222 0
0.07093301 1.400286 0.06741975 1

-0.2178852 -0.5026491 -0.8365821 0
-0.7443058 -0.4688739 0.4755687 0
-0.6312961 0.7262924 -0.271964 0
0.06045375 1.402697 -0.02498067 1

0.9545199 -0.2754791 -0.1140307 0
-0.0374549 -0.4902295 0.8707882 0
-0.2957853 -0.8269135 -0.4782518 0
-0.03213599 1.400539 -0.07716311 1

-0.1137852 0.4733391 0.8735002 0
0.8487264 -0.4107226 0.3331234 0
0.5164465 0.779267 -0.3550011 0
-0.1578114 1.394763 -0.0114185 1

0.1452258 0.2116561 0.9664942 0
0.9611627 -0.2618875 -0.08707284 0
0.2346832 0.9416031 -0.2414687 0
-0.153209 1.37736 0.05355375 1

0.9627887 -0.1066603 -0.2483376 0
-0.1533592 -0.9721873 -0.1770119 0
-0.2225495 0.2085089 -0.9523638 0
0.08384669 1.457619 0.07468033 1

0.9689907 -0.1145571 -0.2189371 0
-0.1215214 -0.992415 -0.01856642 0
-0.2151496 0.04459628 -0.9755623 0
0.04871825 1.470477 0.1124899 1

0.219897 -0.8561051 0.4676846 0
0.5240831 0.5080329 0.6835489 0
-0.8227892 0.09479516 0.5603852 0
-0.05543197 1.60283 0.115629 1

0.9589053 0.2219664 0.1767238 0
0.2339126 -0.9709895 -0.04964235 0
0.1605781 0.08894023 -0.9830077 0
-0.1744192 1.438682 0.07605732 1

0.9561462 0.1974998 0.2163158 0
0.2444821 -0.9448306 -0.2179993 0
0.161326 0.2613229 -0.9516755 0
-0.1413983 1.450085 0.1126006 1

0.9239012 0.1222981 -0.36256 0
-0.377291 0.1334243 -0.916433 0
-0.06370367 0.983484 0.1694129 0
-0.0234283 1.444255 0.06902905 1

0.9318752 0.01927523 0.3622664 0
0.3523967 0.1890943 -0.9165477 0
-0.08616927 0.9817695 0.1694198 0
-0.06498265 1.441084 0.0690356 1

-0.1760505 0.1406109 0.9742868 0
0.5803853 -0.7845907 0.2181073 0
0.7950844 0.6038594 0.05651885 0
0.2630215 0.9059325 0.07007562 1

-0.2799195 -0.1771426 -0.9435391 0
-0.6400725 -0.698069 0.3209474 0
-0.7155086 0.6937723 0.08201891 0
-0.3170048 0.8958569 0.00335211 1

0.2607608 -0.3979936 -0.8795502 0
-0.7831644 -0.6199374 0.04833821 0
-0.5645061 0.6762244 -0.4733462 0
0.07283327 1.387801 0.06196826 1

0.466368 -0.4784682 -0.7440219 0
-0.6256967 -0.7729817 0.1048925 0
-0.6253034 0.4166135 -0.6598701 0
0.03968187 1.39668 0.1111092 1

0.004287496 0.7139711 0.7001615 0
0.6593645 -0.5284173 0.534802 0
0.7518111 0.4593688 -0.4730328 0
-0.04137691 1.616455 0.1339607 1

0.3604878 0.4724232 0.8042789 0
0.7984499 -0.6020464 -0.00424088 0
0.4822096 0.6437052 -0.5942366 0
-0.1593984 1.37633 0.07286953 1

0.4693388 0.4113646 0.7813499 0
0.6979842 -0.7148291 -0.04291356 0
0.5408812 0.565508 -0.6226177 0
-0.124683 1.385487 0.09769595 1

-0.1291329 0.6772349 0.724346 0
0.2919248 -0.6721294 0.6804573 0
0.9476838 0.2993238 -0.1109077 0
0.2563713 0.9034579 0.08785328 1

-0.08053495 0.2533319 0.9640211 0
0.1655109 -0.9503372 0.2635629 0
0.9829141 0.1807818 0.03460605 0
0.3062059 0.853346 0.07236735 1

-0.07097308 0.2085012 0.9754434 0
0.3591916 -0.9069632 0.2199982 0
0.9305613 0.3659849 -0.01052199 0
0.3042947 0.8564365 0.08769396 1

-0.07649328 0.2830938 0.9560369 0
0.1697281 -0.9411548 0.2922671 0
0.9825179 0.1846226 0.02394298 0
0.301714 0.8508053 0.05616352 1

-0.08518135 0.1457987 0.9856404 0
0.3443727 -0.9239623 0.1664367 0
0.9349608 0.3536048 0.02849516 0
0.2989966 0.8594933 0.1035997 1

-0.3012236 -0.700397 -0.6470767 0
-0.163992 -0.6304332 0.758723 0
-0.9393461 0.3346603 0.07504169 0
-0.309047 0.8936953 0.02062608 1

-0.1861753 -0.2107868 -0.9596395 0
-0.352811 -0.8972292 0.2655256 0
-0.9169859 0.3880052 0.09267391 0
-0.3652878 0.8488296 0.01297742 1

-0.1772711 -0.2286538 -0.9572318 0
-0.4279089 -0.8579802 0.2841907 0
-0.8862669 0.4599863 0.05425189 0
-0.3616374 0.8525863 0.02783239 1

-0.2059369 -0.300648 -0.9312363 0
-0.3632427 -0.8601568 0.358029 0
-0.90865 0.4119958 0.06792972 0
-0.3626223 0.8448276 -0.00333441 1

-0.1369717 -0.1577158 -0.9779391 0
-0.6274037 -0.7501622 0.2088566 0
-0.7665528 0.6421697 0.003799384 0
-0.3545853 0.8559535 0.0429763 1

0.01773044 0.3384195 0.9408281 0
0.375187 -0.8744665 0.3074785 0
0.9267797 0.3475346 -0.1424754 0
0.2699556 0.8721812 0.1195175 1

-0.1242204 0.2637913 0.9565475 0
-0.2288065 -0.9456496 0.2310725 0
0.9655138 -0.1901608 0.1778261 0
0.3118873 0.8207231 0.08141482 1

0.0315769 0.1379676 0.9899333 0
-0.3415781 -0.9293053 0.1404136 0
0.9393228 -0.3425735 0.01778217 0
0.3175868 0.8228738 0.09583513 1

-0.1432135 0.2347884 0.9614386 0
-0.04465483 -0.9719961 0.230715 0
0.9886841 -0.009891436 0.1496873 0
0.3070435 0.8212535 0.06534055 1

0.03208765 0.1013918 0.9943289 0
-0.1607498 -0.9813664 0.1052577 0
0.9864736 -0.1632157 -0.01519111 0
0.3104376 0.828797 0.1091291 1

-0.2189534 -0.4477339 -0.8669451 0
-0.3043292 -0.8128455 0.4966549 0
-0.9270616 0.3725806 0.04171659 0
-0.3166781 0.8643588 0.05593225 1

-0.2305165 -0.2133801 -0.9493847 0
0.07793854 -0.9765748 0.2005673 0
-0.9699422 -0.02775983 0.241747 0
-0.3773988 0.8180297 0.02209228 1

-0.0662245 -0.1946986 -0.9786251 0
0.01907875 -0.9808458 0.1938496 0
-0.9976227 -0.005833813 0.06867059 0
-0.3774725 0.8208358 0.03834915 1

-0.2594105 -0.2362657 -0.9364213 0
-0.2209793 -0.9293696 0.295703 0
-0.9401461 0.2836379 0.1888783 0
-0.3740278 0.8178191 0.007907452 1

-0.01314891 -0.1601886 -0.986999 0
-0.3346725 -0.9294484 0.1553068 0
-0.9422427 0.3323632 -0.04138963 0
-0.3754292 0.8310313 0.04991499 1

0.189403 -0.09464203 0.9773275 0
0.3838731 -0.9089895 -0.1624177 0
0.9037522 0.405932 -0.1358348 0
0.2806948 0.8471509 0.1283186 1

-0.1073996 0.2552306 0.9608967 0
-0.839636 -0.5408606 0.04981572 0
0.5324256 -0.8014532 0.272389 0
0.3073546 0.8019894 0.0859925 1

-0.0252327 0.09922815 0.9947447 0
-0.8936797 -0.4481643 0.02203651 0
0.447996 -0.8884269 0.09998664 0
0.3097887 0.8016583 0.09904066 1

-0.1581574 0.2990358 0.9410439 0
-0.7056689 -0.700851 0.1041109 0
0.6906649 -0.6475997 0.3218651 0
0.3062352 0.8036636 0.06951567 1

0.09364029 0.0447581 0.9945994 0
-0.2538155 -0.9649071 0.06731845 0
0.9627092 -0.2587487 -0.07899389 0
0.3071496 0.8087237 0.1112821 1

-0.1064851 -0.150051 -0.982927 0
-0.4075346 -0.8951138 0.1807959 0
-0.9069602 0.4198284 0.03416514 0
-0.3253891 0.8410923 0.07014833 1

-0.2113593 -0.2003907 -0.9566459 0
0.4978689 -0.8643366 0.07105655 0
-0.8411028 -0.4612658 0.2824536 0
-0.3758547 0.7986834 0.02606558 1

-0.09636239 -0.150997 -0.9838263 0
0.497516 -0.8633991 0.08378409 0
-0.8620861 -0.4813958 0.1583226 0
-0.3770371 0.7984439 0.04277459 1

-0.2943855 -0.289121 -0.9109042 0
0.4155048 -0.8970627 0.1504453 0
-0.8606353 -0.3341962 0.3842134 0
-0.3780267 0.8010007 0.01325863 1

0.06241632 -0.1273606 -0.9898908 0
0.0862596 -0.9874245 0.1324825 0
-0.9943156 -0.09365696 -0.05064549 0
-0.3822748 0.8120197 0.05309173 1

0.9930627 -0.009215109 0.1172246 0
0.01159955 0.9997391 -0.01967483 0
-0.1170127 0.0208981 0.9929104 0
-0.04715216 0.8962232 0.04461885 1

0.9952422 0.06789487 0.0690292 0
0.06031934 -0.9924803 0.1065056 0
0.07574537 -0.1018405 -0.9919068 0
0.02881328 0.8649217 0.05652316 1

0.9895054 -0.01290615 0.1442181 0
-0.002043059 -0.9971653 -0.07521899 0
0.1447745 0.07413206 -0.9866883 0
-0.1243614 0.8663433 0.0384419 1

0.9960308 -0.01072717 0.08836051 0
0.008021597 0.9994897 0.03091809 0
-0.08864709 -0.03008658 0.9956085 0
-0.04825614 0.9587545 0.05888681 1

0.9866614 0.1305299 0.09666225 0
0.1469004 -0.9710767 -0.1882232 0
0.06929964 0.1999261 -0.9773515 0
0.05009568 0.5147461 0.09410139 1

0.8877863 0.342137 0.3076929 0
0.3460042 -0.9372093 0.04369793 0
0.303314 0.06767213 -0.9504753 0
0.1358044 0.835598 0.07851102 1

0.9750216 0.1663995 0.1467227 0
0.1484528 -0.9808801 0.125835 0
0.1648556 -0.1009166 -0.9811349 0
0.005016148 0.8232932 0.187516 1

0.9788886 0.1509449 0.1373898 0
0.1561525 -0.9873379 -0.02789277 0
0.1314399 0.04876139 -0.990118 0
0.04574477 0.8136246 -0.05950607 1

0.9812803 -0.07886574 0.1759414 0
-0.04316523 -0.9792086 -0.1982129 0
0.1879116 0.1868996 -0.964244 0
-0.1250823 0.5145143 0.01190245 1

0.9573826 -0.2442627 -0.1543677 0
-0.2713941 -0.9435203 -0.1900583 0
-0.09923945 0.2238433 -0.9695663 0
-0.2308899 0.8291253 0.03088619 1

0.9940469 -0.09934796 0.0456686 0
-0.09572905 -0.9925297 -0.07564348 0
0.05283338 0.07081872 -0.9960939 0
-0.1258694 0.8030151 0.1626076 1

0.9947143 -0.08299212 0.06116462 0
-0.06728497 -0.9720708 -0.2248383 0
0.07810809 0.2195248 -0.9724798 0
-0.1121409 0.835964 -0.08528581 1

0.9957654 -0.02572613 0.08825772 0
0.04065131 0.9843042 -0.1717337 0
-0.08245443 0.1745942 0.9811819 0
-0.04733474 1.073561 0.06243821 1

0.9907951 0.04375892 0.1276405 0
-0.08243196 -0.5525855 0.8293649 0
0.1068294 -0.8323057 -0.5439203 0
0.1111053 0.1114453 0.01592988 1

0.9788043 -0.04173965 0.2007139 0
-0.1948409 -0.4938553 0.8474382 0
0.06374966 -0.8685421 -0.4915004 0
-0.1430093 0.1078366 -0.07041789 1

-0.1558899 0.1659704 0.973731 0
0.9799789 -0.09761721 0.1735287 0
0.1238535 0.9812873 -0.14743 0
-0.01633632 1.285025 0.02797821 1

0.0408255 -0.1593246 -0.9863818 0
-0.9967093 -0.07568635 -0.02902782 0
-0.07003079 0.9843206 -0.1618902 0
-0.06091802 1.286176 0.02402675 1

0.9987571 0.0261362 0.04244044 0
-0.03410534 0.9792997 0.199521 0
-0.0363472 -0.2007204 0.9789739 0
-0.03744394 1.31305 0.02065397 1

-0.5843555 0.7107747 0.3915704 0
0.343532 -0.2204869 0.9128914 0
0.7351967 0.6679704 -0.1153312 0
0.004267391 1.168162 0.1144575 1

-0.5420699 -0.6816728 -0.4914086 0
-0.5094784 -0.1984487 0.8372871 0
-0.6682754 0.7042302 -0.2397245 0
-0.1023612 1.170916 0.1050067 1

0.9150515 0.3901555 0.1017523 0
-0.104568 -0.01408499 0.9944122 0
0.3893954 -0.9206405 0.02790944 0
0.1005975 0.0410058 0.1216511 1

0.9025304 -0.3875007 0.1880324 0
-0.2205675 -0.04083013 0.9745216 0
-0.3699646 -0.9209653 -0.1223193 0
-0.167846 0.04488415 0.03760641 1

-0.04990458 -0.2052121 0.9774444 0
0.4959752 -0.8545555 -0.1540894 0
0.8669015 0.4770982 0.1444263 0
0.06963768 1.276461 0.04320197 1

0.04297379 0.2844036 -0.9577413 0
-0.4329212 -0.8586513 -0.2744038 0
-0.9004072 0.4264185 0.08622482 0
-0.1483598 1.279536 0.02148012 1

0.9974444 0.07123544 -0.00549651 0
-0.06990461 0.9889165 0.1309853 0
0.01476642 -0.1302663 0.991369 0
-0.03992701 1.384349 0.03518029 1

-0.5843553 0.710775 0.3915703 0
0.3435319 -0.220487 0.9128914 0
0.7351969 0.6679701 -0.1153312 0
0.0350562 1.148401 0.1962746 1

-0.5420699 -0.6816726 -0.4914088 0
-0.5094785 -0.1984489 0.8372869 0
-0.6682753 0.7042304 -0.2397244 0
-0.1480228 1.153131 0.1800478 1

-0.2735893 0.3734625 0.886383 0
0.4616238 -0.7574908 0.4616398 0
0.8438321 0.535475 0.03484216 0
0.1783814 1.089098 0.009417478 1

-0.2867205 -0.2362656 -0.9284236 0
-0.4064166 -0.8475872 0.3412058 0
-0.8675352 0.4751573 0.1469982 0
-0.2432787 1.091276 -0.03868332 1

0.9935325 0.1051205 0.04276322 0
0.1115996 -0.9734308 -0.1999446 0
0.02060851 0.2034215 -0.9788555 0
-0.04062937 1.526543 0.1690999 1

0.9939814 0.1011742 0.04199616 0
0.1091664 -0.9466789 -0.3031192 0
0.009088948 0.3058776 -0.9520202 0
0.0137366 1.522805 0.146835 1

0.9966545 0.08123303 0.008994219 0
0.08118676 -0.9713615 -0.2233054 0
-0.009403035 0.2232852 -0.9746919 0
-0.00425712 1.52563 0.1588476 1

0.9944233 0.09860809 0.03740578 0
0.1052605 -0.9500248 -0.2938929 0
0.006556213 0.2961923 -0.95511 0
-0.1172208 1.510204 0.1458331 1

0.9959273 0.0882271 0.01846504 0
0.09013325 -0.9770354 -0.1930743 0
0.001006588 0.1939497 -0.9809954 0
-0.07722994 1.522301 0.1662862 1

0.1741265 -0.2952496 -0.9394188 0
-0.8555653 -0.5176787 0.004117163 0
-0.4875328 0.803017 -0.3427471 0
0.07105993 1.399218 0.0681806 1

-0.2260532 -0.4846704 -0.8449819 0
-0.7433824 -0.4747372 0.4711758 0
-0.6295097 0.7346556 -0.2529796 0
0.05996597 1.403538 -0.02407849 1

0.9523429 -0.2777408 -0.1261059 0
-0.0339804 -0.5074496 0.8610109 0
-0.3031304 -0.8156926 -0.4927039 0
-0.03298537 1.402876 -0.07565499 1

-0.1055006 0.4562273 0.8835871 0
0.8489155 -0.4214335 0.3189616 0
0.517892 0.7837412 -0.342837 0
-0.1582388 1.396387 -0.009175854 1

0.1528318 0.1914789 0.9695247 0
0.959236 -0.2647261 -0.09892701 0
0.237716 0.9451219 -0.224132 0
-0.1532822 1.377659 0.0554008 1

0.9605392 -0.1062979 -0.2570513 0
-0.159387 -0.9676797 -0.1954281 0
-0.2279687 0.2286858 -0.9464322 0
0.08430737 1.45633 0.0765013 1

0.9669012 -0.1148141 -0.2278584 0
-0.1265755 -0.9912423 -0.03764346 0
-0.221541 0.0652388 -0.9729663 0
0.04950069 1.468595 0.1148022 1

0.2188083 -0.8663868 0.4488831 0
0.5312285 0.4916498 0.689983 0
-0.818486 0.08748551 0.5678264 0
-0.05396672 1.60136 0.1213141 1

0.961174 0.2137319 0.1745368 0
0.2287414 -0.9709142 -0.07072958 0
0.1543431 0.1079072 -0.9821069 0
-0.1740341 1.438619 0.07927611 1

0.958562 0.1884879 0.2136478 0
0.238298 -0.9414275 -0.2385963 0
0.1561605 0.2796195 -0.9473272 0
-0.1407097 1.449124 0.1158127 1

0.9220158 0.1250957 -0.366385 0
-0.382834 0.1536428 -0.9109511 0
-0.05766366 0.9801756 0.189552 0
-0.02306858 1.443601 0.07132165 1

0.9343966 0.007484684 0.3561558 0
