MeshAnim
1
59
67
24
1 6.394884E-14 2.384185E-07 0
0 0.9999998 -2.980232E-07 0
-2.384185E-07 2.980232E-07 0.9999998 0
0 0 0 1

1 -2.742072E-14 2.720058E-08 0
2.720053E-08 -4.172324E-07 -0.9999998 0
2.131627E-14 0.9999998 -4.172324E-07 0
-0.3418753 0.4253261 -0.7283612 1

1 -1.917785E-14 5.485907E-08 0
5.4859E-08 -1.192093E-07 -0.9999998 0
1.421087E-14 0.9999998 -1.192093E-07 0
-0.3781768 1.118227 0.4793615 1

1 -4.06004E-14 -1.702308E-08 0
-1.702315E-08 -1.192093E-07 -0.9999998 0
1.421087E-14 0.9999998 -1.192093E-07 0
-0.2462367 0.2220724 0.22048 1

0.9999647 0.007596347 0.003591569 0
-0.008348891 0.8499774 0.5267527 0
0.0009486441 -0.5267641 0.8500108 0
0.07945409 0.7518044 -0.1415542 1

1 -2.742069E-14 2.720067E-08 0
2.720058E-08 -4.172324E-07 -0.9999998 0
2.131627E-14 0.9999998 -4.172324E-07 0
0.3418753 0.425326 -0.9264729 1

1 -1.917785E-14 5.485907E-08 0
5.4859E-08 -1.192093E-07 -0.9999998 0
1.421087E-14 0.9999998 -1.192093E-07 0
0.4858797 1.484176 0.5502087 1

1 -4.06004E-14 -1.702308E-08 0
-1.702315E-08 -1.192093E-07 -0.9999998 0
1.421087E-14 0.9999998 -1.192093E-07 0
0.2462367 0.2220724 0.3793681 1

1 -4.587512E-14 -1.421085E-14 0
2.884464E-14 0.9999997 -5.960463E-07 0
8.526513E-14 5.960463E-07 0.9999997 0
-0.5460401 1.507711 -0.9504902 1

1 -1.584436E-14 -3.638705E-08 0
-3.638712E-08 -1.192093E-07 -0.9999998 0
-1.694066E-20 0.9999998 -1.192093E-07 0
-0.4067915 1.286131 -0.8166885 1

1 -9.777783E-15 1.696307E-09 0
1.696236E-09 -2.19046E-07 -0.9999998 0
-1.421089E-14 0.9999998 -2.19046E-07 0
-0.2272475 0.4347515 -0.288431 1

-0.9999998 -0.0002499365 0.0004867979 0
-0.000196697 0.9943173 0.1064518 0
-0.0005106376 0.1064518 -0.9943175 0
0.07694529 1.007217 0.01673141 1

-1 -0.0002505307 0.000486712 0
0.0005420378 -0.5774088 0.8164548 0
7.648317E-05 0.8164552 0.5774086 0
0.07945408 0.7518044 -0.1415542 1

0.6185132 0.04147777 -0.7846791 0
-0.782314 -0.06111275 -0.6198792 0
-0.07366507 0.9972687 -0.005350401 0
0.07945408 0.7518044 -0.1415542 1

0.6192284 0.1932875 0.7610491 0
0.7817396 -0.06072203 -0.6206412 0
-0.07374974 0.9792612 -0.1887014 0
0.07441003 0.7518032 -0.1415518 1

1 -4.321059E-14 5.151104E-21 0
2.618011E-14 0.9999997 -5.960463E-07 0
8.526513E-14 5.960463E-07 0.9999997 0
0.5460402 1.507711 -1.148602 1

1 -1.584436E-14 -3.638705E-08 0
-3.638712E-08 -1.192093E-07 -0.9999998 0
-1.694066E-20 0.9999998 -1.192093E-07 0
0.4588153 0.8057535 -0.7458411 1

1 -9.777783E-15 1.696307E-09 0
1.696236E-09 -2.19046E-07 -0.9999998 0
-1.421089E-14 0.9999998 -2.19046E-07 0
0.2272475 0.4347515 -0.1295428 1

-0.9999998 -0.0002499016 0.0004868724 0
-0.0001783746 0.9899047 0.14173 0
-0.0005173761 0.14173 -0.9899051 0
0.07689485 1.262172 0.04402693 1

-0.08107709 -0.1092179 -0.9907053 0
-0.5542771 -0.8211642 0.1358881 0
-0.8283739 0.5601425 0.006040582 0
0.07689485 1.262172 0.04402693 1

-0.08103911 -0.2152347 -0.973193 0
0.5548187 -0.8208865 0.1353498 0
-0.8280146 -0.5289776 0.1859405 0
0.07689485 1.262172 0.04402693 1

0.9999998 0.0002502271 -0.0004870112 0
-0.0004814745 -0.02166745 -0.9997648 0
-0.0002607219 0.9997647 -0.02166747 0
-0.1922609 0.9158379 0.2245065 1

0.9999998 0.0002502271 -0.0004870112 0
-0.0004814745 -0.02166745 -0.9997648 0
-0.0002607219 0.9997646 -0.0216675 0
0.2297144 0.9408193 0.3434494 1

-0.2947926 0.02398455 -0.9552597 0
-0.9382012 -0.1969543 0.2845829 0
-0.181317 0.980119 0.08056296 0
0.07956034 0.6385985 0.01851872 1

-0.2939251 -0.8858917 0.3588927 0
0.9385764 -0.1964848 0.283669 0
-0.1807832 0.4202257 0.8892285 0
0.07451629 0.6385972 0.01852115 1

0.8968392 0.1243461 -0.4245211 0
-0.3520732 0.7816606 -0.5148306 0
0.2678142 0.6111827 0.7448029 0
-0.1020716 0.7376241 -0.285389 1

0.9700781 -0.213904 0.1148623 0
0.2360628 0.7203487 -0.6522053 0
0.05676852 0.6598049 0.7492892 0
0.2558024 0.7377135 -0.2855633 1

-0.9999998 -0.000250656 0.000487848 0
0.0001367693 0.7474031 0.6643699 0
-0.0005311487 0.6643697 -0.7474034 0
0.07683111 1.615899 0.09467199 1

-0.02245551 -0.3557978 -0.934293 0
-0.9268991 -0.3427891 0.1528189 0
-0.3746383 0.8694264 -0.3220913 0
0.07683111 1.615899 0.09467199 1

-0.02243226 -0.4078598 -0.9127685 0
0.8850378 -0.432733 0.171611 0
-0.4649786 -0.8039848 0.3706788 0
0.07683111 1.615899 0.09467199 1

-0.5461124 0.4974084 -0.6740519 0
-0.3563666 -0.8661404 -0.3504322 0
-0.7581318 0.04883417 0.6502696 0
-0.05582428 1.065548 0.07656469 1

-0.9124266 -0.2069444 0.35306 0
0.2903913 -0.9352886 0.2022544 0
0.2883579 0.2870676 0.9134765 0
0.2097437 1.065614 0.07643573 1

0.9999998 0.0002501447 -0.0004870093 0
-0.0004814745 -0.02166745 -0.9997648 0
-0.0002606394 0.9997647 -0.02166747 0
-0.5313551 1.225332 -0.5187796 1

0.9999998 0.0002501447 -0.0004870093 0
-0.0004814745 -0.02166759 -0.9997649 0
-0.0002606399 0.9997646 -0.02166764 0
0.7155856 1.139729 -0.363873 1

0.06942495 0.3893732 -0.9184595 0
-0.4444219 -0.8121987 -0.3779179 0
-0.8931233 0.4344206 0.1166591 0
-0.1008011 0.6007356 0.07322741 1

-0.04894743 -0.05276995 -0.997406 0
-0.05247766 -0.9970884 0.05532851 0
-0.997422 0.05504963 0.04603578 0
0.2549499 0.6008247 0.07305424 1

0.9833609 -0.01592115 -0.1809647 0
-0.05180654 -0.9793643 -0.1953523 0
-0.1741199 0.2014765 -0.9638926 0
-0.3018886 1.181251 -0.5775781 1

0.9909847 -0.01588006 -0.1330299 0
-0.06206266 -0.9343974 -0.3507843 0
-0.1187324 0.3558781 -0.9269587 0
0.3897784 1.146543 -0.6557186 1

0.9999998 0.0002498848 -0.0004867518 0
2.241307E-05 0.8701607 0.492767 0
0.0005466877 -0.4927668 0.8701608 0
0.07685362 1.738948 0.2040509 1

0.4795677 0.6059216 -0.6347231 0
-0.07581233 -0.6920128 -0.7178926 0
-0.8742237 0.3923976 -0.2859308 0
-0.2861893 1.481645 0.1545237 1

0.1490428 0.1470477 -0.9778358 0
0.1120815 -0.9850197 -0.1310442 0
-0.9824579 -0.09006576 -0.1632914 0
0.4234566 1.446419 0.1618836 1

-0.9785518 -0.01431731 -0.2055039 0
-0.2026162 0.247004 0.9475939 0
0.03719325 0.9689081 -0.2446073 0
-0.1424288 0.8550572 -0.008597779 1

-0.9451371 0.1501182 -0.2901386 0
-0.2056671 0.4166026 0.8855172 0
0.2538051 0.8966072 -0.3628723 0
0.280315 0.8383186 0.1255879 1

-0.9495118 0.2899005 0.1199369 0
-0.002447865 -0.3891268 0.9211807 0
0.3137216 0.8743786 0.3701902 0
-0.2455184 0.3362591 -0.04983408 1

-0.9791142 0.1927752 0.0645991 0
0.02854116 -0.1842613 0.9824625 0
0.2012976 0.9637873 0.1749107 0
0.2378616 0.2761424 0.09107088 1

0.9972643 -0.07388327 0.002381619 0
-0.07392178 -0.9967454 0.03215295 0
-1.471148E-06 -0.0322416 -0.9994805 0
-0.3418757 0.4253258 -0.7283614 1

0.9972638 0.0738831 -0.00238443 0
0.07392143 -0.9967447 0.03215404 0
-1.110726E-06 -0.03224237 -0.9994797 0
0.3418751 0.4253257 -0.9264728 1

-0.9864857 -0.08711871 0.1387666 0
0.1637854 -0.5475564 0.8205823 0
0.004494502 0.8322206 0.5544255 0
0.002394401 1.721634 0.2169899 1

-0.9866632 0.09410001 -0.1328179 0
-0.1627121 -0.5476381 0.820741 0
0.004495577 0.8314061 0.555646 0
0.151334 1.721672 0.2169175 1

-0.9582946 -0.2590913 -0.1205922 0
-0.09435052 -0.1114806 0.9892773 0
-0.269757 0.9593967 0.08238589 0
-0.3182453 1.18904 -0.1490252 1

-0.9728684 0.1773395 -0.148586 0
0.02366581 0.7151415 0.6985785 0
0.2301455 0.6761081 -0.6999358 0
0.4708482 1.02992 0.1064738 1

0.9362519 0.3125908 -0.1603737 0
0.3290348 -0.9401747 0.08834986 0
-0.1231626 -0.1354861 -0.9830935 0
-0.1922802 0.9158295 0.2245467 1

0.704424 -0.1738807 0.6881505 0
-0.2774453 -0.9598437 0.04147434 0
0.6533072 -0.2201396 -0.7243792 0
0.229713 0.940819 0.3434593 1

-0.9918845 0.1267462 -0.00999401 0
-0.1259526 -0.9688662 0.2131512 0
0.01733343 0.2126803 0.9769674 0
-0.2462368 0.2220724 0.2204803 1

-0.9918846 -0.119238 0.04412329 0
0.1259527 -0.968867 0.21315 0
0.01733385 0.2169777 0.9760219 0
0.2462368 0.2220721 0.3793681 1

0.9784747 -0.02388133 -0.2049819 0
-0.2063681 -0.1132317 -0.9719007 0
-2.828909E-08 0.9932816 -0.1157223 0
-0.3680701 0.0721264 -0.7169679 1

0.9784741 0.02388184 0.2049813 0
0.2063677 -0.1132323 -0.9718997 0
-8.463387E-08 0.9932807 -0.1157233 0
0.3680694 0.07212646 -0.9150789 1

0.9501714 0.2513258 0.1844162 0
0.1688381 -0.9122224 0.3732859 0
0.2620453 -0.3235491 -0.9092019 0
-0.3781763 1.118228 0.479361 1

0.9692934 -0.2232877 0.1030226 0
-0.1653169 -0.2815349 0.945203 0
-0.1820475 -0.9332098 -0.3098029 0
0.4858807 1.484176 0.550209 1

1 1.784879E-06 -6.083869E-07 0
-4.843856E-07 -0.1279716 -0.9917769 0
-1.778583E-06 0.9917775 -0.1279719 0
-0.2709227 0.03218026 0.2622567 1

0.9999999 3.678719E-07 -1.445645E-06 0
-1.199641E-06 -0.1279704 -0.9917773 0
-5.748492E-07 0.9917783 -0.1279706 0
0.2709228 0.03217983 0.4211442 1

0.9501711 0.2513262 0.1844168 0
0.2716615 -0.37745 -0.885286 0
-0.1528873 0.8912715 -0.4269176 0
-0.3324699 0.8712778 0.580414 1

0.8908602 0.3376363 0.3039235 0
0.4542771 -0.6614776 -0.5967236 0
-0.0004366218 0.6696624 -0.7426651 0
-0.3033273 0.9313658 0.5485834 1

0.9773164 0.1451266 0.1542407 0
0.2116175 -0.6404252 -0.7382905 0
-0.008365503 0.754183 -0.65661 0
-0.3752564 0.9067062 0.5484641 1

0.9692936 -0.223287 0.1030226 0
-0.1915948 -0.9483579 -0.2528019 0
0.1541496 0.2253006 -0.9620175 0
0.4411275 1.407961 0.806087 1

0.9181687 -0.3634288 0.1577553 0
-0.3855898 -0.9112001 0.1450348 0
0.09103683 -0.193995 -0.9767694 0
0.4124322 1.417605 0.738584 1

0.979284 -0.1250075 0.1593005 0
-0.1338559 -0.9899308 0.04604052 0
0.151941 -0.06640997 -0.9861562 0
0.4849625 1.408098 0.7593412 1

1 6.394884E-14 2.384185E-07 0
0 0.9999998 -2.980232E-07 0
-2.384185E-07 2.980232E-07 0.9999998 0
0 0 0 1

1 -2.742072E-14 2.720058E-08 0
2.720053E-08 -4.172324E-07 -0.9999998 0
2.131627E-14 0.9999998 -4.172324E-07 0
-0.3418753 0.4253261 -0.7283612 1

1 -1.917785E-14 5.485907E-08 0
5.4859E-08 -1.192093E-07 -0.9999998 0
1.421087E-14 0.9999998 -1.192093E-07 0
-0.3781768 1.123058 0.4775292 1

1 -4.06004E-14 -1.702308E-08 0
-1.702315E-08 -1.192093E-07 -0.9999998 0
1.421087E-14 0.9999998 -1.192093E-07 0
-0.2462367 0.2220724 0.22048 1

0.9999647 0.007597343 0.003591435 0
-0.008348878 0.8495414 0.5274554 0
0.0009561869 -0.5274668 0.8495749 0
0.07942647 0.7537952 -0.1430841 1

1 -2.742069E-14 2.720067E-08 0
2.720058E-08 -4.172324E-07 -0.9999998 0
2.131627E-14 0.9999998 -4.172324E-07 0
0.3418753 0.425326 -0.9264729 1

1 -1.917785E-14 5.485907E-08 0
5.4859E-08 -1.192093E-07 -0.9999998 0
1.421087E-14 0.9999998 -1.192093E-07 0
0.4858797 1.490106 0.5474429 1

1 -4.06004E-14 -1.702308E-08 0
-1.702315E-08 -1.192093E-07 -0.9999998 0
1.421087E-14 0.9999998 -1.192093E-07 0
0.2462367 0.2220724 0.3793681 1

1 -4.587512E-14 -1.421085E-14 0
2.884464E-14 0.9999997 -5.960463E-07 0
8.526513E-14 5.960463E-07 0.9999997 0
-0.5460401 1.507711 -0.9504902 1

1 -1.584436E-14 -3.638705E-08 0
-3.638712E-08 -1.192093E-07 -0.9999998 0
-1.694066E-20 0.9999998 -1.192093E-07 0
-0.4072691 1.290022 -0.8170907 1

1 -9.777783E-15 1.696307E-09 0
1.696236E-09 -2.19046E-07 -0.9999998 0
-1.421089E-14 0.9999998 -2.19046E-07 0
-0.2272475 0.4347515 -0.288431 1

-0.9999013 0.002024404 -0.01390008 0
0.0003382612 0.9927431 0.12025 0
0.01404265 0.1202334 -0.9926462 0
0.07691768 1.009077 0.01541272 1

-1 -0.0002549019 0.0004929192 0
0.0005495659 -0.5780838 0.815977 0
7.695333E-05 0.8159774 0.5780836 0
0.07942646 0.7537952 -0.1430841 1

0.618508 0.04212905 -0.7846485 0
-0.7823178 -0.06060328 -0.6199245 0
-0.07366905 0.9972724 -0.004525195 0
0.07942646 0.7537952 -0.1430841 1

0.6192325 0.1926605 0.7612048 0
0.7817359 -0.06020567 -0.6206962 0
-0.07375484 0.9794166 -0.187891 0
0.07438241 0.753794 -0.1430816 1

1 -4.321059E-14 5.151104E-21 0
2.618011E-14 0.9999997 -5.960463E-07 0
8.526513E-14 5.960463E-07 0.9999997 0
0.5460402 1.507711 -1.148602 1

1 -1.584436E-14 -3.638705E-08 0
-3.638712E-08 -1.192093E-07 -0.9999998 0
-1.694066E-20 0.9999998 -1.192093E-07 0
0.4591042 0.8111467 -0.7472581 1

1 -9.777783E-15 1.696307E-09 0
1.696236E-09 -2.19046E-07 -0.9999998 0
-1.421089E-14 0.9999998 -2.19046E-07 0
0.2272475 0.4347515 -0.1295428 1

-0.9991168 0.009680281 -0.0408889 0
0.004107827 0.9909415 0.1342271 0
0.0418179 0.1339406 -0.9901065 0
0.0770044 1.263628 0.04624624 1

-0.06701616 -0.09528114 -0.9931915 0
-0.5578858 -0.8217034 0.1164733 0
-0.8272074 0.5618929 0.001911325 0
0.0770044 1.263628 0.04624624 1

-0.06745123 -0.2015306 -0.9771559 0
0.5511007 -0.8239483 0.1318914 0
-0.8317078 -0.5296156 0.1666402 0
0.0770044 1.263628 0.04624624 1

0.9999013 -0.00202411 0.01389987 0
0.0138837 -0.007797578 -0.999873 0
0.00213224 0.999967 -0.007768867 0
-0.1954549 0.9165602 0.2188814 1

0.9999013 -0.00202411 0.01389987 0
0.0138837 -0.007797578 -0.999873 0
0.00213224 0.9999669 -0.007768867 0
0.2248554 0.9332706 0.3403611 1

-0.2947989 0.02477327 -0.9552377 0
-0.9381986 -0.1971933 0.284426 0
-0.1813204 0.9800513 0.08137462 0
0.0795342 0.640457 0.01689515 1

-0.2939193 -0.8861893 0.3581618 0
0.938579 -0.1967156 0.2835004 0
-0.1807792 0.4194895 0.8895769 0
0.07449014 0.6404557 0.01689764 1

0.896071 0.1243866 -0.4261285 0
-0.3540597 0.7792969 -0.517047 0
0.267767 0.6141857 0.7423458 0
-0.1021001 0.7397331 -0.2869294 1

0.970009 -0.2136767 0.1158651 0
0.2364193 0.7186556 -0.6539417 0
0.05646518 0.6617221 0.7476197 0
0.2557739 0.739824 -0.287106 1

-0.9991169 0.009679534 -0.04088793 0
-0.02103795 0.7271054 0.6862028 0
0.03637198 0.6864567 -0.7262599 0
0.07847227 1.617725 0.09421024 1

0.01181522 -0.3629165 -0.9317465 0
-0.936288 -0.3311358 0.1171051 0
-0.3510342 0.870999 -0.343707 0
0.07847227 1.617725 0.09421024 1

0.01190005 -0.4148214 -0.9098248 0
0.8732609 -0.4389342 0.2115476 0
-0.4871079 -0.7970312 0.3570244 0
0.07847227 1.617725 0.09421024 1

-0.5360447 0.5080587 -0.67419 0
-0.3602921 -0.8599216 -0.3615573 0
-0.7634432 0.04909445 0.6440057 0
-0.05657883 1.066875 0.07413522 1

-0.9183844 -0.1955491 0.3439918 0
0.2674679 -0.9474517 0.1754838 0
0.2916 0.2531682 0.9224275 0
0.208963 1.066337 0.07782696 1

0.9999013 -0.002024192 0.01389987 0
0.0138837 -0.007797578 -0.999873 0
0.002132322 0.999967 -0.007768867 0
-0.5234306 1.235985 -0.5254583 1

0.9999013 -0.002024192 0.01389987 0
0.0138837 -0.007797757 -0.999873 0
0.002132324 0.9999669 -0.007769016 0
0.7206823 1.138115 -0.3576153 1

0.06646883 0.3842732 -0.9208231 0
-0.4429581 -0.8155742 -0.3723258 0
-0.8940749 0.4326342 0.1160067 0
-0.1008268 0.6025481 0.07157368 1

-0.04914487 -0.05847384 -0.9970781 0
-0.051945 -0.9967843 0.06101682 0
-0.9974401 0.05479182 0.04594947 0
0.2549242 0.6026387 0.07139832 1

0.9831419 -0.01461282 -0.1822607 0
-0.04991142 -0.9803935 -0.1906255 0
-0.1759014 0.1965084 -0.9645947 0
-0.3030445 1.182018 -0.5803764 1

0.9910374 -0.01672227 -0.1325333 0
-0.06215562 -0.9359183 -0.3466893 0
-0.118243 0.3518197 -0.9285693 0
0.3899522 1.147693 -0.6582468 1

0.9998246 -0.002840445 0.01851286 0
-0.006828407 0.8651199 0.5015178 0
-0.01744039 -0.501556 0.864949 0
0.07500868 1.737433 0.2071836 1

0.471866 0.5829654 -0.6614326 0
-0.08007169 -0.7187682 -0.6906228 0
-0.8780264 0.3788432 -0.2924835 0
-0.2882254 1.488036 0.1400745 1

0.1091742 0.1892491 -0.975841 0
0.1543556 -0.9730279 -0.1714347 0
-0.9819649 -0.13191 -0.1354411 0
0.4204854 1.445817 0.177063 1

-0.9770851 -0.004175527 -0.2128094 0
-0.2074268 0.2429309 0.947606 0
0.04774116 0.9700338 -0.2382305 0
-0.1441374 0.8578955 -0.0137309 1

-0.9398386 0.180013 -0.2903424 0
-0.2002138 0.3983933 0.8950948 0
0.2767996 0.8993754 -0.3383844 0
0.2739634 0.8360857 0.1204733 1

-0.950276 0.2878037 0.1189303 0
-0.003663187 -0.392215 0.9198658 0
0.3113873 0.8736911 0.3737669 0
-0.2450674 0.3369725 -0.04966685 1

-0.9791299 0.1923719 0.06555881 0
0.02805764 -0.1915382 0.9810837 0
0.2012901 0.9624481 0.1821431 0
0.2380094 0.2780555 0.0912673 1

0.9973008 -0.07339239 0.002339276 0
-0.07342973 -0.9967481 0.03318048 0
-0.0001033103 -0.03326322 -0.9994469 0
-0.3415689 0.4252988 -0.7275114 1

0.9972438 0.07415393 -0.002358685 0
0.07419136 -0.9966984 0.0329617 0
9.313795E-05 -0.03304613 -0.9994536 0
0.3419773 0.4253014 -0.9258403 1

-0.9877812 -0.09598982 0.1227769 0
0.1555009 -0.5545877 0.8174665 0
-0.01037795 0.8265696 0.562738 0
0.0002668203 1.720219 0.2185287 1

-0.9820121 0.1090027 -0.1541779 0
-0.1887935 -0.5535477 0.8111355 0
0.00307113 0.8256525 0.5641698 0
0.1491803 1.719797 0.221286 1

-0.957661 -0.2653969 -0.1115772 0
-0.08882848 -0.09626459 0.991384 0
-0.2738512 0.9593207 0.06861408 0
-0.3220823 1.184117 -0.1519437 1

-0.9847257 0.1232892 -0.1229445 0
0.00258689 0.7163986 0.6976863 0
0.1740943 0.686711 -0.7057751 0
0.4857519 1.034388 0.1045748 1

0.9356761 0.316644 -0.1557137 0
0.326961 -0.9439576 0.04514917 0
-0.1326918 -0.09315716 -0.986769 0
-0.1951723 0.9176658 0.2194166 1

0.7053102 -0.1754832 0.6868348 0
-0.270044 -0.9623328 0.03143607 0
0.655449 -0.2076479 -0.7261314 0
0.2247031 0.9341059 0.3407012 1

-0.9919784 0.1260215 -0.009850595 0
-0.1252221 -0.9690582 0.2127089 0
0.01726014 0.2122363 0.9770653 0
-0.2461424 0.2218796 0.2202617 1

-0.9918916 -0.1191763 0.04413079 0
0.1258883 -0.9689464 0.2128262 0
0.0173965 0.2166561 0.9760923 0
0.2462427 0.2218498 0.3791598 1

0.9784622 -0.02361163 -0.2050731 0
-0.2064271 -0.1143262 -0.9717601 0
-0.0005001972 0.9931626 -0.1167375 0
-0.3675888 0.07209845 -0.7157538 1

0.97845 0.02431432 0.2050455 0
0.2064817 -0.1139574 -0.971791 0
-0.0002618704 0.9931872 -0.116522 0
0.3682671 0.07211871 -0.91416 1

0.9496372 0.2598841 0.1750677 0
0.1754899 -0.9039506 0.3899674 0
0.2595992 -0.3396051 -0.9040331 0
-0.3785059 1.12297 0.4777806 1

0.9826342 -0.1686608 0.07735999 0
-0.1240363 -0.2869647 0.9498771 0
-0.1380072 -0.9429763 -0.3029014 0
0.4873951 1.489443 0.5477433 1

0.9999999 0.0007370867 -8.544253E-05 0
9.268904E-06 -0.1275081 -0.9918366 0
-0.0007419068 0.991837 -0.1275081 0
-0.2706851 0.03194971 0.2619514 1

0.9999999 -7.64369E-05 -4.850441E-05 0
-5.774302E-05 -0.1276449 -0.9918193 0
6.951828E-05 0.9918202 -0.127645 0
0.2709161 0.03194189 0.4208725 1

0.949637 0.2598845 0.1750683 0
0.269617 -0.3929833 -0.8791301 0
-0.1596733 0.8820556 -0.4432611 0
-0.3309986 0.8782597 0.5833496 1

0.8904113 0.3481641 0.2931705 0
0.4550948 -0.6704236 -0.5860203 0
-0.007482643 0.6552193 -0.7554009 0
-0.3023284 0.9378776 0.5502318 1

0.9772174 0.1532693 0.1468135 0
0.2116748 -0.6533938 -0.7268211 0
-0.01547206 0.7413387 -0.6709515 0
-0.374123 0.9128381 0.5509257 1

0.9826342 -0.1686601 0.07735997 0
-0.1451676 -0.9584311 -0.2456336 0
0.1155728 0.2301373 -0.9662712 0
0.453817 1.411758 0.8048865 1

0.9408768 -0.3112351 0.1337321 0
-0.3302198 -0.9307212 0.1572021 0
0.0755406 -0.1920689 -0.97847 0
0.4228337 1.419554 0.7381607 1

0.9886368 -0.06977954 0.1331494 0
-0.07722974 -0.9956754 0.05163091 0
0.1289709 -0.06132739 -0.9897502 0
0.4963102 1.414168 0.7569783 1

1 6.394884E-14 2.384185E-07 0
0 0.9999998 -2.980232E-07 0
-2.384185E-07 2.980232E-07 0.9999998 0
0 0 0 1

1 -2.742072E-14 2.720058E-08 0
2.720053E-08 -4.172324E-07 -0.9999998 0
2.131627E-14 0.9999998 -4.172324E-07 0
-0.3418753 0.4253261 -0.7283612 1

1 -1.917785E-14 5.485907E-08 0
5.4859E-08 -1.192093E-07 -0.9999998 0
1.421087E-14 0.9999998 -1.192093E-07 0
-0.3781768 1.127963 0.4759404 1

1 -4.06004E-14 -1.702308E-08 0
-1.702315E-08 -1.192093E-07 -0.9999998 0
1.421087E-14 0.9999998 -1.192093E-07 0
-0.2462367 0.2220724 0.22048 1

0.9999646 0.007598339 0.003591303 0
-0.008348414 0.8488605 0.5285506 0
0.000967591 -0.5285619 0.848894 0
0.07939572 0.7552713 -0.1449066 1

1 -2.742069E-14 2.720067E-08 0
2.720058E-08 -4.172324E-07 -0.9999998 0
2.131627E-14 0.9999998 -4.172324E-07 0
0.3418753 0.425326 -0.9264729 1

1 -1.917785E-14 5.485907E-08 0
5.4859E-08 -1.192093E-07 -0.9999998 0
1.421087E-14 0.9999998 -1.192093E-07 0
0.4858797 1.495954 0.5450597 1

1 -4.06004E-14 -1.702308E-08 0
-1.702315E-08 -1.192093E-07 -0.9999998 0
1.421087E-14 0.9999998 -1.192093E-07 0
0.2462367 0.2220724 0.3793681 1

1 -4.587512E-14 -1.421085E-14 0
2.884464E-14 0.9999997 -5.960463E-07 0
8.526513E-14 5.960463E-07 0.9999997 0
-0.5460401 1.507711 -0.9504902 1

1 -1.584436E-14 -3.638705E-08 0
-3.638712E-08 -1.192093E-07 -0.9999998 0
-1.694066E-20 0.9999998 -1.192093E-07 0
-0.4087741 1.291966 -0.8172495 1

1 -9.777783E-15 1.696307E-09 0
1.696236E-09 -2.19046E-07 -0.9999998 0
-1.421089E-14 0.9999998 -2.19046E-07 0
-0.2272475 0.4347515 -0.288431 1

-0.9996317 0.004229858 -0.0268071 0
0.0006632473 0.9912912 0.1316822 0
0.02713066 0.131616 -0.9909294 0
0.07688707 1.010348 0.01391935 1

-1 -0.0002611715 0.0005025167 0
0.0005609207 -0.5791355 0.815231 0
7.810792E-05 0.8152313 0.5791353 0
0.07939571 0.7552713 -0.1449066 1

0.6184999 0.04314435 -0.7845997 0
-0.7823235 -0.05980822 -0.6199944 0
-0.07367471 0.997277 -0.003238501 0
0.07939571 0.7552713 -0.1449066 1

0.619239 0.1916823 0.7614464 0
0.78173 -0.05940086 -0.6207811 0
-0.07376221 0.9796576 -0.1866272 0
0.07435166 0.75527 -0.144904 1

1 -4.321059E-14 5.151104E-21 0
2.618011E-14 0.9999997 -5.960463E-07 0
8.526513E-14 5.960463E-07 0.9999997 0
0.5460402 1.507711 -1.148602 1

1 -1.584436E-14 -3.638705E-08 0
-3.638712E-08 -1.192093E-07 -0.9999998 0
-1.694066E-20 0.9999998 -1.192093E-07 0
0.4595953 0.8164587 -0.7482925 1

1 -9.777783E-15 1.696307E-09 0
1.696236E-09 -2.19046E-07 -0.9999998 0
-1.421089E-14 0.9999998 -2.19046E-07 0
0.2272475 0.4347515 -0.1295428 1

-0.9967479 0.01897163 -0.07831908 0
0.008854552 0.9917911 0.1275569 0
0.08009619 0.1264488 -0.9887342 0
0.07705712 1.264527 0.04768421 1

-0.05432293 -0.08371178 -0.9950078 0
-0.5609056 -0.8218458 0.09976646 0
-0.8260955 0.563525 -0.002309447 0
0.07705712 1.264527 0.04768421 1

-0.05516726 -0.1901375 -0.9802054 0
0.5477818 -0.8265368 0.1294997 0
-0.8348001 -0.5297948 0.1497519 0
0.07705712 1.264527 0.04768421 1

0.9996317 -0.004229563 0.02680689 0
0.0268225 0.003677135 -0.9996334 0
0.004129442 0.9999837 0.00378903 0
-0.1983347 0.9195872 0.215596 1

0.9996317 -0.004229563 0.02680689 0
0.0268225 0.003677135 -0.9996334 0
0.004129442 0.9999837 0.00378903 0
0.2204647 0.9311678 0.3397203 1

-0.2948084 0.02600342 -0.9552021 0
-0.9381946 -0.1975652 0.2841808 0
-0.1813251 0.9799445 0.0826401 0
0.07950568 0.6417269 0.01492644 1

-0.2939107 -0.8866521 0.3570217 0
0.9385828 -0.1970757 0.2832372 0
-0.1807727 0.418341 0.8901189 0
0.07446163 0.6417255 0.01492897 1

0.895236 0.1240976 -0.4279637 0
-0.3557082 0.7774866 -0.5186385 0
0.2683741 0.6165339 0.7401766 0
-0.1021321 0.7413937 -0.2887681 1

0.969947 -0.2133801 0.1169252 0
0.236809 0.7174768 -0.655094 0
0.055893 0.6630955 0.7464448 0
0.2557418 0.7414868 -0.288948 1

-0.9967479 0.01897089 -0.0783181 0
-0.04179179 0.7092782 0.7036881 0
0.06889896 0.7046725 -0.7061792 0
0.08022116 1.618928 0.09326482 1

0.04196522 -0.369659 -0.9282191 0
-0.9438681 -0.3193314 0.08449974 0
-0.3276458 0.87257 -0.3623104 0
0.08022116 1.618928 0.09326482 1

0.04290987 -0.421479 -0.9058222 0
0.8611797 -0.4440297 0.2474022 0
-0.5064868 -0.790691 0.3439163 0
0.08022116 1.618928 0.09326482 1

-0.5272042 0.5170281 -0.6743424 0
-0.3717715 -0.853949 -0.3640828 0
-0.7640954 0.0587551 0.6424215 0
-0.05724921 1.06774 0.07157283 1

-0.9232451 -0.1897557 0.3340822 0
0.2556553 -0.9524959 0.1655012 0
0.2868073 0.2382076 0.9278988 0
0.208221 1.066616 0.07869226 1

0.9996317 -0.004229645 0.02680689 0
0.0268225 0.003677135 -0.9996334 0
0.004129524 0.9999837 0.003789031 0
-0.516369 1.245876 -0.5298196 1

0.9996317 -0.004229645 0.02680689 0
0.0268225 0.003676986 -0.9996334 0
0.004129527 0.9999837 0.003788912 0
0.7246334 1.138278 -0.3499845 1

0.06336572 0.378762 -0.923322 0
-0.4422223 -0.818737 -0.3662083 0
-0.8946643 0.4315187 0.1156172 0
-0.1008545 0.6037465 0.06955785 1

-0.04951487 -0.06503408 -0.9966535 0
-0.05152535 -0.9963829 0.06757645 0
-0.9974435 0.05469886 0.04598498 0
0.2548964 0.6038394 0.06937905 1

0.9828646 -0.01357138 -0.1838295 0
-0.04833512 -0.9813647 -0.1859784 0
-0.1778796 0.1916765 -0.9652039 0
-0.3040122 1.182652 -0.5831183 1

0.9910976 -0.0176036 -0.1319676 0
-0.0622706 -0.9374092 -0.3426171 0
-0.1176765 0.3477847 -0.93016 0
0.3901414 1.148687 -0.6607429 1

0.9992979 -0.00554581 0.03705762 0
-0.01412078 0.8603342 0.5095338 0
-0.03470773 -0.509699 0.8596522 0
0.07334075 1.735701 0.2091167 1

0.4653206 0.5587996 -0.6864542 0
-0.08677956 -0.7429927 -0.6636491 0
-0.8808777 0.3683797 -0.2972376 0
-0.2894453 1.493862 0.1263591 1

0.0633811 0.2248106 -0.9723391 0
0.1979845 -0.9577653 -0.2085354 0
-0.9781542 -0.1792902 -0.105213 0
0.4175026 1.445024 0.19016 1

-0.9770305 0.01066242 -0.2128342 0
-0.2036109 0.2480177 0.9471158 0
0.06288499 0.9686961 -0.2401502 0
-0.1475975 0.8602121 -0.01690701 1

-0.9350432 0.1931656 -0.2972901 0
-0.2040841 0.3924139 0.8968602 0
0.2899037 0.8992752 -0.3275022 0
0.2703507 0.8351393 0.1189127 1

-0.9507284 0.286485 0.118499 0
-0.003981277 -0.3934738 0.9193267 0
0.3099997 0.8735585 0.3752273 0
-0.2448555 0.337141 -0.04969069 1

-0.9791167 0.1921668 0.06635239 0
0.02778981 -0.1968022 0.9800492 0
0.2013914 0.9614267 0.1873519 0
0.2381182 0.2793868 0.09138397 1

0.9973367 -0.07290322 0.002288882 0
-0.07293889 -0.9967411 0.03444963 0
-0.0002299046 -0.03452541 -0.9994043 0
-0.3413199 0.4251824 -0.7266664 1

0.9972317 0.07431646 -0.002326838 0
0.07435243 -0.9966509 0.03401907 0
0.0002090003 -0.03409781 -0.9994184 0
0.3420776 0.4251445 -0.9251932 1

-0.9879624 -0.1100299 0.1087393 0
0.1520081 -0.5600325 0.814406 0
-0.02871153 0.8211309 0.5700162 0
-0.001639538 1.71857 0.2189067 1

-0.975921 0.1282863 -0.176413 0
-0.218083 -0.5578268 0.8007925 0
0.004322831 0.8199821 0.5723718 0
0.1471955 1.717744 0.224426 1

-0.9579444 -0.2683869 -0.1015397 0
-0.08258028 -0.08104198 0.9932836 0
-0.2748133 0.9598954 0.05547016 0
-0.3261385 1.1797 -0.1542538 1

-0.9933955 0.06528767 -0.09435904 0
-0.01929265 0.7156059 0.6982377 0
0.11311 0.695446 -0.7096201 0
0.5012169 1.040049 0.1019844 1

0.9351695 0.3196231 -0.1526415 0
0.3247346 -0.9457599 0.009135573 0
-0.141443 -0.05811097 -0.9882387 0
-0.1976935 0.921234 0.2161198 1

0.7091621 -0.1643462 0.6856226 0
-0.2634917 -0.9637656 0.04152003 0
0.6539578 -0.2101004 -0.72677 0
0.2201381 0.9316884 0.3395748 1

-0.9920476 0.1254999 -0.009541743 0
-0.124653 -0.9692039 0.2123787 0
0.01740556 0.2118793 0.9771401 0
-0.2460238 0.2216787 0.2200798 1

-0.9918941 -0.1191274 0.04420862 0
0.125854 -0.9689908 0.2126454 0
0.01750556 0.2164856 0.9761284 0
0.246273 0.2216365 0.3789729 1

0.9784442 -0.02339363 -0.2051834 0
-0.2065101 -0.1156539 -0.9715853 0
-0.001001206 0.993014 -0.1179914 0
-0.367166 0.0719846 -0.7144592 1

0.9784233 0.02469202 0.2051277 0
0.2066078 -0.1149458 -0.9716478 0
-0.0004131523 0.9930641 -0.1175673 0
0.3684246 0.07197852 -0.9131384 1

0.9501786 0.2650315 0.1640682 0
0.1790023 -0.8948633 0.4088717 0
0.2551829 -0.3591326 -0.8977224 0
-0.3785932 1.128223 0.4766773 1

0.9927784 -0.1095495 0.04890006 0
-0.07894128 -0.2896045 0.9538859 0
-0.0903356 -0.9508566 -0.296161 0
0.4889624 1.4946 0.5455032 1

0.9999993 0.001266576 -0.0003488828 0
-0.0001849421 -0.1271363 -0.9918843 0
-0.001300566 0.9918841 -0.1271363 0
-0.2704552 0.03172023 0.2617047 1

1 -0.0001333854 -0.000147778 0
-0.0001632791 -0.1274728 -0.9918417 0
0.0001136527 0.9918427 -0.127473 0
0.2709396 0.03171992 0.4206502 1

0.9501784 0.265032 0.1640688 0
0.2654183 -0.4119332 -0.8717017 0
-0.1634433 0.8718185 -0.4617546 0
-0.3301351 0.8859722 0.587364 1

0.8914627 0.355816 0.2805154 0
0.4529183 -0.682566 -0.5735573 0
-0.0126102 0.6383548 -0.7696381 0
-0.3017377 0.9448842 0.5527803 1

0.9777677 0.1578573 0.138025 0
0.2087078 -0.668996 -0.7133617 0
-0.02027082 0.7263083 -0.6870694 0
-0.3734887 0.9197646 0.5544214 1

0.9927785 -0.1095488 0.04890002 0
-0.09488813 -0.9664546 -0.2386656 0
0.07340519 0.2323018 -0.9698702 0
0.467592 1.4162 0.8037317 1

0.9612562 -0.2541034 0.1068608 0
-0.2694293 -0.9480112 0.1693587 0
0.0582709 -0.1915884 -0.9797444 0
0.4342652 1.421842 0.7379245 1

0.9945019 -0.01023888 0.1042211 0
-0.01620593 -0.9982669 0.05657325 0
0.1034614 -0.05795096 -0.9929443 0
0.5084499 1.420921 0.7545886 1

1 6.394884E-14 2.384185E-07 0
0 0.9999998 -2.980232E-07 0
-2.384185E-07 2.980232E-07 0.9999998 0
0 0 0 1

1 -2.742072E-14 2.720058E-08 0
2.720053E-08 -4.172324E-07 -0.9999998 0
2.131627E-14 0.9999998 -4.172324E-07 0
-0.3418753 0.4253261 -0.7283612 1

1 -1.917785E-14 5.485907E-08 0
5.4859E-08 -1.192093E-07 -0.9999998 0
1.421087E-14 0.9999998 -1.192093E-07 0
-0.3781768 1.13292 0.4745867 1

1 -4.06004E-14 -1.702308E-08 0
-1.702315E-08 -1.192093E-07 -0.9999998 0
1.421087E-14 0.9999998 -1.192093E-07 0
-0.2462367 0.2220724 0.22048 1

0.9999646 0.007599335 0.003591171 0
-0.008347453 0.8479177 0.5300617 0
0.0009830998 -0.5300729 0.8479512 0
0.07936192 0.7562092 -0.1469666 1

1 -2.742069E-14 2.720067E-08 0
2.720058E-08 -4.172324E-07 -0.9999998 0
2.131627E-14 0.9999998 -4.172324E-07 0
0.3418753 0.425326 -0.9264729 1

1 -1.917785E-14 5.485907E-08 0
5.4859E-08 -1.192093E-07 -0.9999998 0
1.421087E-14 0.9999998 -1.192093E-07 0
0.4858797 1.501708 0.5430428 1

1 -4.06004E-14 -1.702308E-08 0
-1.702315E-08 -1.192093E-07 -0.9999998 0
1.421087E-14 0.9999998 -1.192093E-07 0
0.2462367 0.2220724 0.3793681 1

1 -4.587512E-14 -1.421085E-14 0
2.884464E-14 0.9999997 -5.960463E-07 0
8.526513E-14 5.960463E-07 0.9999997 0
-0.5460401 1.507711 -0.9504902 1

1 -1.584436E-14 -3.638705E-08 0
-3.638712E-08 -1.192093E-07 -0.9999998 0
-1.694066E-20 0.9999998 -1.192093E-07 0
-0.4114288 1.291701 -0.8147736 1

1 -9.777783E-15 1.696307E-09 0
1.696236E-09 -2.19046E-07 -0.9999998 0
-1.421089E-14 0.9999998 -2.19046E-07 0
-0.2272475 0.4347515 -0.288431 1

-0.9992476 0.006308808 -0.03826885 0
0.0008547138 0.990024 0.1408928 0
0.03877598 0.1407541 -0.989285 0
0.07685357 1.011003 0.01231342 1

-1 -0.0002694701 0.0005157115 0
0.0005763425 -0.5805865 0.8141981 0
8.001026E-05 0.8141986 0.5805864 0
0.07936192 0.7562092 -0.1469666 1

0.6184889 0.04454624 -0.7845299 0
-0.7823316 -0.05870969 -0.6200893 0
-0.07368211 0.9972807 -0.001461261 0
0.07936192 0.7562092 -0.1469666 1

0.619248 0.1903304 0.7617781 0
0.7817219 -0.05828932 -0.6208965 0
-0.07377199 0.9799879 -0.184881 0
0.07431787 0.7562078 -0.146964 1

1 -4.321059E-14 5.151104E-21 0
2.618011E-14 0.9999997 -5.960463E-07 0
8.526513E-14 5.960463E-07 0.9999997 0
0.5460402 1.507711 -1.148602 1

1 -1.584436E-14 -3.638705E-08 0
-3.638712E-08 -1.192093E-07 -0.9999998 0
-1.694066E-20 0.9999998 -1.192093E-07 0
0.4606398 0.8207767 -0.7466971 1

1 -9.777783E-15 1.696307E-09 0
1.696236E-09 -2.19046E-07 -0.9999998 0
-1.421089E-14 0.9999998 -2.19046E-07 0
0.2272475 0.4347515 -0.1295428 1

-0.9933426 0.02749081 -0.1118701 0
0.01377783 0.9924886 0.1215538 0
0.1143715 0.1192034 -0.9862605 0
0.07707271 1.264857 0.04843998 1

-0.04299633 -0.07437713 -0.9963025 0
-0.5634344 -0.8217077 0.08565867 0
-0.8250413 0.5650339 -0.006576295 0
0.07707271 1.264857 0.04843998 1

-0.04419469 -0.1809338 -0.982501 0
0.5448271 -0.8287044 0.128104 0
-0.8373828 -0.529632 0.1352022 0
0.07707271 1.264857 0.04843998 1

0.9992476 -0.006308512 0.03826865 0
0.03834758 0.01290226 -0.9991811 0
0.0058096 0.9998963 0.01313431 0
-0.2009853 0.9251071 0.2150295 1

0.9992476 -0.006308512 0.03826865 0
0.03834758 0.01290226 -0.9991811 0
0.005809599 0.9998962 0.01313434 0
0.2164365 0.9361705 0.3426967 1

-0.2948217 0.02770242 -0.9551502 0
-0.9381893 -0.1980779 0.2838412 0
-0.1813312 0.9797944 0.08438785 0
0.07947491 0.6423802 0.01266392 1

-0.2938993 -0.8872887 0.355446 0
0.9385882 -0.1975729 0.2828729 0
-0.1807636 0.4167536 0.890865 0
0.07443086 0.6423789 0.01266651 1

0.894362 0.1235277 -0.4299513 0
-0.3569911 0.7762799 -0.5195638 0
0.269582 0.6181668 0.7383736 0
-0.1021678 0.7425865 -0.2908501 1

0.9698957 -0.2130251 0.1179931 0
0.2372084 0.7168505 -0.655635 0
0.05508333 0.6638867 0.7458016 0
0.2557061 0.7426826 -0.2910348 1

-0.9933428 0.02749008 -0.1118691 0
-0.06155224 0.6942018 0.7171432 0
0.0973741 0.7192544 -0.6878887 0
0.08199601 1.619507 0.0918754 1

0.06815171 -0.376077 -0.9240786 0
-0.9499701 -0.3074495 0.05506335 0
-0.3048155 0.8740938 -0.3782151 0
0.08199601 1.619507 0.0918754 1

0.07085879 -0.4279063 -0.9010412 0
0.849355 -0.44778 0.2794458 0
-0.5230448 -0.7851042 0.3317156 0
0.08199601 1.619507 0.0918754 1

-0.5193431 0.5242797 -0.6748434 0
-0.3936675 -0.847686 -0.355603 0
-0.758491 0.0809838 0.6466315 0
-0.05783908 1.068103 0.06895054 1

-0.9268327 -0.1958412 0.3203548 0
0.2646751 -0.94594 0.1874658 0
0.2663231 0.2585391 0.9285619 0
0.2075291 1.066427 0.07911387 1

0.9992476 -0.006308594 0.03826865 0
0.03834758 0.01290226 -0.9991811 0
0.005809681 0.9998963 0.01313431 0
-0.5103334 1.255057 -0.5317845 1

0.9992476 -0.006308594 0.03826865 0
0.03834757 0.01290217 -0.9991812 0
0.005809686 0.9998962 0.01313419 0
0.7265179 1.138055 -0.3410454 1

0.06018121 0.3729683 -0.9258898 0
-0.442281 -0.8215858 -0.3596998 0
-0.8948553 0.4311507 0.1155128 0
-0.1008843 0.6043014 0.06723003 1

-0.05006706 -0.07229406 -0.9961256 0
-0.05125977 -0.9958765 0.07485244 0
-0.9974297 0.05480869 0.04615492 0
0.2548667 0.6043972 0.06704653 1

0.9825402 -0.01279699 -0.1856108 0
-0.0470911 -0.9822527 -0.1815571 0
-0.179993 0.1871272 -0.9657047 0
-0.304776 1.183159 -0.5857255 1

0.9911628 -0.01848668 -0.1313563 0
-0.06239741 -0.9388236 -0.338699 0
-0.1170592 0.343902 -0.9316801 0
0.3903324 1.149527 -0.6631367 1

0.998422 -0.008191327 0.05555647 0
-0.02173658 0.8558191 0.5168176 0
-0.05177975 -0.5172093 0.8542909 0
0.07186232 1.733797 0.2099426 1

0.4595571 0.534049 -0.7096472 0
-0.09553318 -0.7646586 -0.6373145 0
-0.8829953 0.3606769 -0.3003848 0
-0.2900602 1.499094 0.1134411 1

0.01405237 0.2518923 -0.9676535 0
0.2416013 -0.9399292 -0.2411666 0
-0.970274 -0.2303968 -0.07406552 0
0.4146463 1.444134 0.2013205 1

-0.9782164 0.03216825 -0.2050823 0
-0.1897017 0.2626661 0.9460541 0
0.08430099 0.9643496 -0.2508422 0
-0.1535086 0.8620968 -0.01746855 1

-0.931673 0.1752932 -0.3182104 0
-0.225956 0.4062772 0.8853703 0
0.2844816 0.896777 -0.3389091 0
0.2718508 0.8365432 0.1246722 1

-0.9508526 0.2860032 0.1186667 0
-0.003407443 -0.3928764 0.9195845 0
0.3096257 0.8739851 0.3745422 0
-0.2449044 0.3367682 -0.04989913 1

-0.979067 0.1922045 0.06697389 0
0.02774782 -0.1999335 0.9794163 0
0.2016388 0.9607729 0.1904148 0
0.238175 0.2801095 0.09142076 1

0.9973717 -0.07242327 0.002233642 0
-0.07245696 -0.9967259 0.03587624 0
-0.0003717548 -0.03594429 -0.9993541 0
-0.3411234 0.4250048 -0.7258609 1

0.9972269 0.07438252 -0.002291831 0
0.07441705 -0.9966034 0.03524629 0
0.0003376334 -0.03531943 -0.9993759 0
0.3421707 0.4248931 -0.9245627 1

-0.988062 -0.1221323 0.09390009 0
0.1470022 -0.565105 0.8118166 0
-0.04608564 0.8159283 0.5763128 0
-0.003323711 1.716754 0.2181858 1

-0.9694275 0.1454924 -0.1975925 0
-0.2453466 -0.5616577 0.7901549 0
0.003982231 0.8144762 0.5801824 0
0.1453809 1.715535 0.2264603 1

-0.9589796 -0.2685531 -0.09076136 0
-0.07566917 -0.0660487 0.9949431 0
-0.2731894 0.9609973 0.04301842 0
-0.3304548 1.175772 -0.1560368 1

-0.9979062 0.004888976 -0.06449823 0
-0.04169534 0.7137126 0.6991968 0
0.04945142 0.7004213 -0.7120143 0
0.5168033 1.0467 0.09934738 1

0.9353316 0.3198595 -0.1511456 0
0.3217129 -0.9467508 -0.0126999 0
-0.1471603 -0.03674657 -0.9884291 0
-0.2001825 0.9267228 0.2152971 1

0.7176875 -0.1306466 0.6839995 0
-0.2537422 -0.9637748 0.08215452 0
0.6484899 -0.2325209 -0.7248397 0
0.216257 0.9365031 0.3425073 1

-0.9920931 0.1251693 -0.009137781 0
-0.1242484 -0.9693044 0.2121569 0
0.01769821 0.211615 0.9771922 0
-0.2459043 0.2214811 0.219947 1

-0.9918935 -0.1190868 0.04433174 0
0.1258399 -0.9690056 0.2125862 0
0.01764132 0.2164418 0.9761356 0
0.2463174 0.2214403 0.378824 1

0.9784228 -0.02321738 -0.2053058 0
-0.2066087 -0.1171319 -0.9713872 0
-0.001494668 0.9928451 -0.119401 0
-0.3667987 0.07181229 -0.7131481 1

0.9783956 0.02501032 0.2052208 0
0.2067384 -0.116119 -0.9714804 0
-0.0004669815 0.9929196 -0.1187808 0
0.3685406 0.07174403 -0.912073 1

0.9515941 0.2674276 0.1514965 0
0.1799057 -0.8842761 0.4309155 0
0.2492039 -0.3828014 -0.8895845 0
-0.3785197 1.133818 0.4759484 1

0.9986802 -0.04751365 0.01953599 0
-0.03237062 -0.2867099 0.9574708 0
-0.03989138 -0.9568385 -0.2878695 0
0.4903184 1.500049 0.5434752 1

0.9999986 0.001602576 -0.0007207225 0
-0.0005115406 -0.1268621 -0.9919192 0
-0.001681006 0.9919186 -0.1268612 0
-0.2702563 0.03150309 0.2615285 1

1 -0.000176325 -0.0002772465 0
-0.0002972815 -0.1274288 -0.991847 0
0.0001397618 0.9918481 -0.1274291 0
0.2709813 0.03152078 0.4204898 1

0.9515937 0.2674281 0.1514971 0
0.2595039 -0.4349277 -0.8622619 0
-0.1647022 0.8598365 -0.4832729 0
-0.3298168 0.8944334 0.5926026 1

0.8937299 0.3613151 0.2658915 0
0.4483161 -0.6980762 -0.5583026 0
-0.0161099 0.6181745 -0.7858753 0
-0.3015255 0.9523741 0.5563324 1

0.9788435 0.1595619 0.1280837 0
0.2032991 -0.6876853 -0.6969634 0
-0.0231268 0.7082567 -0.7055754 0
-0.3733085 0.9274397 0.5590504 1

0.9986802 -0.047513 0.01953595 0
-0.04175267 -0.9722533 -0.230175 0
0.02993027 0.2290551 -0.9729536 0
0.4815555 1.422433 0.8026742 1

0.9779352 -0.1932989 0.07924565 0
-0.2048772 -0.9615625 0.1828203 0
0.04086094 -0.1950217 -0.979948 0
0.4459982 1.425503 0.7378719 1

0.9958798 0.05212902 0.07421229 0
0.04750809 -0.9968993 0.06273143 0
0.07725251 -0.05894709 -0.9952679 0
0.5205601 1.429302 0.7522942 1

1 6.394884E-14 2.384185E-07 0
0 0.9999998 -2.980232E-07 0
-2.384185E-07 2.980232E-07 0.9999998 0
0 0 0 1

1 -2.742072E-14 2.720058E-08 0
2.720053E-08 -4.172324E-07 -0.9999998 0
2.131627E-14 0.9999998 -4.172324E-07 0
-0.3418753 0.4253261 -0.7283612 1

1 -1.917785E-14 5.485907E-08 0
5.4859E-08 -1.192093E-07 -0.9999998 0
1.421087E-14 0.9999998 -1.192093E-07 0
-0.3781768 1.137907 0.4734598 1

1 -4.06004E-14 -1.702308E-08 0
-1.702315E-08 -1.192093E-07 -0.9999998 0
1.421087E-14 0.9999998 -1.192093E-07 0
-0.2462367 0.2220724 0.22048 1

0.9999646 0.00760033 0.003591038 0
-0.008345938 0.8466953 0.5320122 0
0.001002954 -0.5320234 0.8467288 0
0.07932515 0.7565853 -0.1492092 1

1 -2.742069E-14 2.720067E-08 0
2.720058E-08 -4.172324E-07 -0.9999998 0
2.131627E-14 0.9999998 -4.172324E-07 0
0.3418753 0.425326 -0.9264729 1

1 -1.917785E-14 5.485907E-08 0
5.4859E-08 -1.192093E-07 -0.9999998 0
1.421087E-14 0.9999998 -1.192093E-07 0
0.4858797 1.507355 0.5413761 1

1 -4.06004E-14 -1.702308E-08 0
-1.702315E-08 -1.192093E-07 -0.9999998 0
1.421087E-14 0.9999998 -1.192093E-07 0
0.2462367 0.2220724 0.3793681 1

1 -4.587512E-14 -1.421085E-14 0
2.884464E-14 0.9999997 -5.960463E-07 0
8.526513E-14 5.960463E-07 0.9999997 0
-0.5460401 1.507711 -0.9504902 1

1 -1.584436E-14 -3.638705E-08 0
-3.638712E-08 -1.192093E-07 -0.9999998 0
-1.694066E-20 0.9999998 -1.192093E-07 0
-0.4153781 1.288919 -0.8102031 1

1 -9.777783E-15 1.696307E-09 0
1.696236E-09 -2.19046E-07 -0.9999998 0
-1.421089E-14 0.9999998 -2.19046E-07 0
-0.2272475 0.4347515 -0.288431 1

-0.9987981 0.008216383 -0.04832116 0
0.0009742138 0.9889824 0.1480265 0
0.04900505 0.1478016 -0.9878021 0
0.07681724 1.011011 0.01065691 1

-1 -0.0002799381 0.000532706 0
0.0005960685 -0.5824592 0.8128596 0
8.272649E-05 0.81286 0.582459 0
0.07932514 0.7565853 -0.1492092 1

0.6184747 0.04635775 -0.7844363 0
-0.782342 -0.05728943 -0.620209 0
-0.07369135 0.9972807 0.000835612 0
0.07932514 0.7565853 -0.1492092 1

0.6192597 0.1885821 0.7622032 0
0.7817115 -0.0568527 -0.6210428 0
-0.07378431 0.9804102 -0.1826235 0
0.07428109 0.7565839 -0.1492065 1

1 -4.321059E-14 5.151104E-21 0
2.618011E-14 0.9999997 -5.960463E-07 0
8.526513E-14 5.960463E-07 0.9999997 0
0.5460402 1.507711 -1.148602 1

1 -1.584436E-14 -3.638705E-08 0
-3.638712E-08 -1.192093E-07 -0.9999998 0
-1.694066E-20 0.9999998 -1.192093E-07 0
0.4621936 0.8242874 -0.7429903 1

1 -9.777783E-15 1.696307E-09 0
1.696236E-09 -2.19046E-07 -0.9999998 0
-1.421089E-14 0.9999998 -2.19046E-07 0
0.2272475 0.4347515 -0.1295428 1

-0.9892951 0.03513634 -0.141636 0
0.01865759 0.9930691 0.1160366 0
0.1447316 0.112152 -0.9830943 0
0.07706703 1.264598 0.04861266 1

-0.03302775 -0.06713964 -0.9971964 0
-0.5655543 -0.8213809 0.07403393 0
-0.8240494 0.5664138 -0.01084284 0
0.07706703 1.264598 0.04861266 1

-0.03453205 -0.1737908 -0.9841761 0
0.5422085 -0.8304933 0.1276284 0
-0.8395337 -0.5292218 0.1229097 0
0.07706703 1.264598 0.04861266 1

0.9987981 -0.008216085 0.04832096 0
0.04847725 0.02002515 -0.9986235 0
0.007237145 0.9997652 0.02039919 0
-0.2034847 0.9333364 0.2175367 1

0.9987981 -0.008216085 0.04832096 0
0.04847725 0.02002515 -0.9986235 0
0.007237145 0.999765 0.02039919 0
